fold_id,feature_map_name,feature_map_reps,ansatz_reps,entanglement,element test,actual test,predicted test,element train,actual train,predicted train,R2 train
18,Pauli,1,1,linear,['Ho'],[7.82],[8.37995563],['Be' 'Sc' 'Ti' 'Co' 'Zn' 'Y' 'Zr' 'Tc' 'Ru' 'Pr' 'Nd' 'Gd' 'Tb' 'Dy' 'Er' 'Tm' 'Lu' 'Re' 'Os' 'Tl'],[23.48 16.16 24.44 37.64 20.98  8.52 22.18 36.19 40.5   1.65  0.25  5.2   6.17  7.06  8.45  8.96  9.75 35.35 38.54 22.09],[24.078302   26.88580124 12.16986481 20.4539898  21.37556407  5.53613682 23.14751578 26.8683827  32.75368314 12.30092724  9.0576943   3.47977533  4.91470257  6.73379125 11.10862178 13.38654505 17.09961925 27.96280024 25.63846987 19.02927864],0.6387961157660523
18,Pauli,1,1,full,['Ho'],[7.82],[13.87196862],['Be' 'Sc' 'Ti' 'Co' 'Zn' 'Y' 'Zr' 'Tc' 'Ru' 'Pr' 'Nd' 'Gd' 'Tb' 'Dy' 'Er' 'Tm' 'Lu' 'Re' 'Os' 'Tl'],[23.48 16.16 24.44 37.64 20.98  8.52 22.18 36.19 40.5   1.65  0.25  5.2   6.17  7.06  8.45  8.96  9.75 35.35 38.54 22.09],[21.35782772 19.95347941 18.72931056 28.8464689  24.67105298 11.91719116 20.77308892 31.1605667  34.01104177 13.0405927  10.99842615 11.43168403 12.49458425 13.45458826 15.10114642 15.53688687 16.06609306 28.04804213 15.8338282  21.69955087],0.6211424153879342
18,Pauli,1,1,circular,['Ho'],[7.82],[13.86691118],['Be' 'Sc' 'Ti' 'Co' 'Zn' 'Y' 'Zr' 'Tc' 'Ru' 'Pr' 'Nd' 'Gd' 'Tb' 'Dy' 'Er' 'Tm' 'Lu' 'Re' 'Os' 'Tl'],[23.48 16.16 24.44 37.64 20.98  8.52 22.18 36.19 40.5   1.65  0.25  5.2   6.17  7.06  8.45  8.96  9.75 35.35 38.54 22.09],[21.34184482 19.97329683 18.81500164 28.88942148 24.65940432 11.90847266 20.74317485 31.16972103 33.97653042 13.06165214 11.00534553 11.42710403 12.49286351 13.45039115 15.09257579 15.52549237 16.05310913 28.02230726 15.81774251 21.68686732],0.6211491033833942
18,Pauli,1,2,linear,['Ho'],[7.82],[6.40650901],['Be' 'Sc' 'Ti' 'Co' 'Zn' 'Y' 'Zr' 'Tc' 'Ru' 'Pr' 'Nd' 'Gd' 'Tb' 'Dy' 'Er' 'Tm' 'Lu' 'Re' 'Os' 'Tl'],[23.48 16.16 24.44 37.64 20.98  8.52 22.18 36.19 40.5   1.65  0.25  5.2   6.17  7.06  8.45  8.96  9.75 35.35 38.54 22.09],[20.14781698 18.45236173 15.49335019 24.86183004 20.8598824   8.17579803 20.18010941 33.62337361 33.61523246  7.47410231  5.91291024  6.69796215  5.66839284  5.87926551  8.17387844 10.0879722  12.79905339 26.91799516 22.47628289 21.5406232 ],0.7853984860862022
18,Pauli,1,2,full,['Ho'],[7.82],[11.70482428],['Be' 'Sc' 'Ti' 'Co' 'Zn' 'Y' 'Zr' 'Tc' 'Ru' 'Pr' 'Nd' 'Gd' 'Tb' 'Dy' 'Er' 'Tm' 'Lu' 'Re' 'Os' 'Tl'],[23.48 16.16 24.44 37.64 20.98  8.52 22.18 36.19 40.5   1.65  0.25  5.2   6.17  7.06  8.45  8.96  9.75 35.35 38.54 22.09],[25.72283658 18.82804528 20.82444824 28.20588501 20.87555141 11.70891499 16.17801608 32.20131024 29.38448976  6.40959876  6.28097099  8.31828445 10.23677122 11.88055162 11.26423223  9.77325558  7.60752067 35.02235343 22.39929827 23.85816169],0.7979083438814663
18,Pauli,1,2,circular,['Ho'],[7.82],[11.70679613],['Be' 'Sc' 'Ti' 'Co' 'Zn' 'Y' 'Zr' 'Tc' 'Ru' 'Pr' 'Nd' 'Gd' 'Tb' 'Dy' 'Er' 'Tm' 'Lu' 'Re' 'Os' 'Tl'],[23.48 16.16 24.44 37.64 20.98  8.52 22.18 36.19 40.5   1.65  0.25  5.2   6.17  7.06  8.45  8.96  9.75 35.35 38.54 22.09],[25.71333692 18.82940863 20.79783344 28.20425964 20.87986547 11.70629759 16.18540413 32.21096558 29.4051213   6.40327589  6.28174581  8.32164509 10.24268373 11.88327075 11.26689088  9.77787762  7.61472771 35.0303278  22.38601441 23.8550535 ],0.7979094432138183
18,Pauli,1,3,linear,['Ho'],[7.82],[6.98067668],['Be' 'Sc' 'Ti' 'Co' 'Zn' 'Y' 'Zr' 'Tc' 'Ru' 'Pr' 'Nd' 'Gd' 'Tb' 'Dy' 'Er' 'Tm' 'Lu' 'Re' 'Os' 'Tl'],[23.48 16.16 24.44 37.64 20.98  8.52 22.18 36.19 40.5   1.65  0.25  5.2   6.17  7.06  8.45  8.96  9.75 35.35 38.54 22.09],[20.82645214 20.49953512 19.09960516 28.56326993 23.97112354  5.71535995 20.75318905 29.63400858 34.65906253  7.69919238  7.12237092  5.52036083  5.63527343  5.67721185  9.34023811 12.08348037 15.1903525  28.05423645 22.22915909 24.54605134],0.7982170220688776
18,Pauli,1,3,full,['Ho'],[7.82],[11.76967066],['Be' 'Sc' 'Ti' 'Co' 'Zn' 'Y' 'Zr' 'Tc' 'Ru' 'Pr' 'Nd' 'Gd' 'Tb' 'Dy' 'Er' 'Tm' 'Lu' 'Re' 'Os' 'Tl'],[23.48 16.16 24.44 37.64 20.98  8.52 22.18 36.19 40.5   1.65  0.25  5.2   6.17  7.06  8.45  8.96  9.75 35.35 38.54 22.09],[25.61593398 17.97723349 23.9739385  31.11259817 24.3362101  11.98935672 16.20542382 33.98883347 30.75435674  4.91233887  4.46605957  8.36507827  9.70471794 11.61222566 11.71527939 10.89520083  9.80770738 34.31583687 23.01565271 22.99017768],0.8412225313541821
18,Pauli,1,3,circular,['Ho'],[7.82],[11.85603155],['Be' 'Sc' 'Ti' 'Co' 'Zn' 'Y' 'Zr' 'Tc' 'Ru' 'Pr' 'Nd' 'Gd' 'Tb' 'Dy' 'Er' 'Tm' 'Lu' 'Re' 'Os' 'Tl'],[23.48 16.16 24.44 37.64 20.98  8.52 22.18 36.19 40.5   1.65  0.25  5.2   6.17  7.06  8.45  8.96  9.75 35.35 38.54 22.09],[25.32611394 18.01498297 22.42084772 31.15129974 21.98120092 13.40468458 15.91725594 32.24300868 30.36596619  5.28399877  3.63522013  8.70536647  8.57963952 11.64589366 12.50092254 11.63559199 10.54557692 31.91883633 23.39686229 26.03742859],0.8289566562249648
18,Pauli,1,4,linear,['Ho'],[7.82],[7.9055164],['Be' 'Sc' 'Ti' 'Co' 'Zn' 'Y' 'Zr' 'Tc' 'Ru' 'Pr' 'Nd' 'Gd' 'Tb' 'Dy' 'Er' 'Tm' 'Lu' 'Re' 'Os' 'Tl'],[23.48 16.16 24.44 37.64 20.98  8.52 22.18 36.19 40.5   1.65  0.25  5.2   6.17  7.06  8.45  8.96  9.75 35.35 38.54 22.09],[23.44780691 18.50734336 20.50621819 29.62804149 24.40611301  7.42716261 21.6213387  31.80184945 36.57412791 10.65299718  6.64738564  4.98136066  5.35816492  6.95621827  9.73150499 10.92239037 13.0646527  31.12933158 31.17946499 23.80059637],0.8976233002817595
18,Pauli,1,4,full,['Ho'],[7.82],[13.39125081],['Be' 'Sc' 'Ti' 'Co' 'Zn' 'Y' 'Zr' 'Tc' 'Ru' 'Pr' 'Nd' 'Gd' 'Tb' 'Dy' 'Er' 'Tm' 'Lu' 'Re' 'Os' 'Tl'],[23.48 16.16 24.44 37.64 20.98  8.52 22.18 36.19 40.5   1.65  0.25  5.2   6.17  7.06  8.45  8.96  9.75 35.35 38.54 22.09],[24.50929988 17.39435456 19.44513125 26.47409944 22.40117376 13.68793425 16.45458753 32.18173883 31.4963784   7.94427773  5.77259669  9.00701513 10.72008173 13.27923288 13.74559982 12.73302895 10.90018643 33.99295663 27.26816467 19.91649913],0.8136201922892943
18,Pauli,1,4,circular,['Ho'],[7.82],[12.19971306],['Be' 'Sc' 'Ti' 'Co' 'Zn' 'Y' 'Zr' 'Tc' 'Ru' 'Pr' 'Nd' 'Gd' 'Tb' 'Dy' 'Er' 'Tm' 'Lu' 'Re' 'Os' 'Tl'],[23.48 16.16 24.44 37.64 20.98  8.52 22.18 36.19 40.5   1.65  0.25  5.2   6.17  7.06  8.45  8.96  9.75 35.35 38.54 22.09],[25.75904645 16.44537419 24.29902322 32.13339186 24.53810071 12.82067848 15.71410345 33.85679612 31.17626037  4.82460828  3.12822854  8.34874818  9.16197411 11.87920987 12.58102894 11.76132381 10.74642443 33.25590639 24.08520787 23.5166823 ],0.8517723159059463
18,Pauli,1,5,linear,['Ho'],[7.82],[7.71136093],['Be' 'Sc' 'Ti' 'Co' 'Zn' 'Y' 'Zr' 'Tc' 'Ru' 'Pr' 'Nd' 'Gd' 'Tb' 'Dy' 'Er' 'Tm' 'Lu' 'Re' 'Os' 'Tl'],[23.48 16.16 24.44 37.64 20.98  8.52 22.18 36.19 40.5   1.65  0.25  5.2   6.17  7.06  8.45  8.96  9.75 35.35 38.54 22.09],[23.80831638 18.18617763 20.58298828 29.92895302 24.14137043  7.3214069  21.64529964 31.82753352 36.76162154 10.6373959   6.67817015  4.87924679  5.12701462  6.75003194  9.66146571 10.95744387 13.30454391 30.72542902 31.05942903 23.85334314],0.8982083745652012
18,Pauli,1,5,full,['Ho'],[7.82],[12.14557553],['Be' 'Sc' 'Ti' 'Co' 'Zn' 'Y' 'Zr' 'Tc' 'Ru' 'Pr' 'Nd' 'Gd' 'Tb' 'Dy' 'Er' 'Tm' 'Lu' 'Re' 'Os' 'Tl'],[23.48 16.16 24.44 37.64 20.98  8.52 22.18 36.19 40.5   1.65  0.25  5.2   6.17  7.06  8.45  8.96  9.75 35.35 38.54 22.09],[26.08790143 16.18208022 24.03677097 32.17520908 24.68446193 13.01977886 15.86236846 33.65763227 31.62534641  5.28954885  3.41360779  8.28235714  8.86893872 11.76590223 12.61282932 11.79765448 10.79891029 33.59834943 24.01639938 22.90489291],0.8527926860925192
18,Pauli,1,5,circular,['Ho'],[7.82],[12.143674],['Be' 'Sc' 'Ti' 'Co' 'Zn' 'Y' 'Zr' 'Tc' 'Ru' 'Pr' 'Nd' 'Gd' 'Tb' 'Dy' 'Er' 'Tm' 'Lu' 'Re' 'Os' 'Tl'],[23.48 16.16 24.44 37.64 20.98  8.52 22.18 36.19 40.5   1.65  0.25  5.2   6.17  7.06  8.45  8.96  9.75 35.35 38.54 22.09],[26.0395482  16.19014187 24.08072965 32.15326035 24.67927215 13.00380573 15.85869489 33.66707501 31.58084597  5.22389039  3.36058502  8.2805961   8.87685253 11.76658097 12.61046603 11.79733373 10.80421394 33.55709191 24.01800387 22.99565442],0.8527798603298173
18,Pauli,2,1,linear,['Ho'],[7.82],[15.05335031],['Be' 'Sc' 'Ti' 'Co' 'Zn' 'Y' 'Zr' 'Tc' 'Ru' 'Pr' 'Nd' 'Gd' 'Tb' 'Dy' 'Er' 'Tm' 'Lu' 'Re' 'Os' 'Tl'],[23.48 16.16 24.44 37.64 20.98  8.52 22.18 36.19 40.5   1.65  0.25  5.2   6.17  7.06  8.45  8.96  9.75 35.35 38.54 22.09],[16.24537125 21.4221659  24.48356421 28.58870836 19.23526904 12.7891822  23.16597583 22.88008727 19.96222357 13.55799429 11.06269307 11.78179164 13.29846483 14.59513784 14.34771102 13.59363592 13.63059152 14.8216845  21.7093184  17.96355277],0.41443439239042024
18,Pauli,2,1,full,['Ho'],[7.82],[17.15207748],['Be' 'Sc' 'Ti' 'Co' 'Zn' 'Y' 'Zr' 'Tc' 'Ru' 'Pr' 'Nd' 'Gd' 'Tb' 'Dy' 'Er' 'Tm' 'Lu' 'Re' 'Os' 'Tl'],[23.48 16.16 24.44 37.64 20.98  8.52 22.18 36.19 40.5   1.65  0.25  5.2   6.17  7.06  8.45  8.96  9.75 35.35 38.54 22.09],[23.77428936 18.00723782 22.0717056  27.19571559 21.52144454 16.55117828 23.40768459 33.80414144 30.87909956  7.72359297  8.40655435 14.67987659 14.57861836 16.79116027 17.40355896 14.70928793 13.10523854 26.56011287 22.57133808 20.32344147],0.6752563516410747
18,Pauli,2,1,circular,['Ho'],[7.82],[17.15212658],['Be' 'Sc' 'Ti' 'Co' 'Zn' 'Y' 'Zr' 'Tc' 'Ru' 'Pr' 'Nd' 'Gd' 'Tb' 'Dy' 'Er' 'Tm' 'Lu' 'Re' 'Os' 'Tl'],[23.48 16.16 24.44 37.64 20.98  8.52 22.18 36.19 40.5   1.65  0.25  5.2   6.17  7.06  8.45  8.96  9.75 35.35 38.54 22.09],[23.77451897 18.00846074 22.07149817 27.19582802 21.52150591 16.55188633 23.40703731 33.80383367 30.87975998  7.72379175  8.40675579 14.68066578 14.5798264  16.79181321 17.40299816 14.70837407 13.10426655 26.56053715 22.5720247  20.32318975],0.6752563448457354
18,Pauli,2,2,linear,['Ho'],[7.82],[11.33358609],['Be' 'Sc' 'Ti' 'Co' 'Zn' 'Y' 'Zr' 'Tc' 'Ru' 'Pr' 'Nd' 'Gd' 'Tb' 'Dy' 'Er' 'Tm' 'Lu' 'Re' 'Os' 'Tl'],[23.48 16.16 24.44 37.64 20.98  8.52 22.18 36.19 40.5   1.65  0.25  5.2   6.17  7.06  8.45  8.96  9.75 35.35 38.54 22.09],[17.98397238 18.44305234 21.41392094 26.96767744 27.08277289 10.78753998 21.88905276 29.90930535 26.34777757 16.9578983  15.67364952 11.56869415 11.44348002 11.66723507 11.52316846 10.62576473 11.6515988  14.23051956 21.93304497 21.35442781],0.4867119234317129
18,Pauli,2,2,full,['Ho'],[7.82],[9.23628553],['Be' 'Sc' 'Ti' 'Co' 'Zn' 'Y' 'Zr' 'Tc' 'Ru' 'Pr' 'Nd' 'Gd' 'Tb' 'Dy' 'Er' 'Tm' 'Lu' 'Re' 'Os' 'Tl'],[23.48 16.16 24.44 37.64 20.98  8.52 22.18 36.19 40.5   1.65  0.25  5.2   6.17  7.06  8.45  8.96  9.75 35.35 38.54 22.09],[18.77393554 14.95651033 18.81674116 23.68274138 16.53475364 13.44030688 22.12073013 28.50211361 31.38062976  9.31907007  8.10096226 12.5438095  11.58229668  9.9266752   9.03970473 10.39683055  9.52196086 21.95591811 23.20797043 18.73748426],0.6826160297029579
18,Pauli,2,2,circular,['Ho'],[7.82],[12.09434519],['Be' 'Sc' 'Ti' 'Co' 'Zn' 'Y' 'Zr' 'Tc' 'Ru' 'Pr' 'Nd' 'Gd' 'Tb' 'Dy' 'Er' 'Tm' 'Lu' 'Re' 'Os' 'Tl'],[23.48 16.16 24.44 37.64 20.98  8.52 22.18 36.19 40.5   1.65  0.25  5.2   6.17  7.06  8.45  8.96  9.75 35.35 38.54 22.09],[24.97136202 20.14818259 22.2053742  29.91378539 21.60334487 11.14899129 26.1424645  26.10780373 34.19913925  4.41080352  6.47603606 10.88373909 12.98904283 13.21592022 11.31165007  9.41751108  9.07192903 24.61029291 21.81813552 26.03863558],0.7553513120806208
18,Pauli,2,3,linear,['Ho'],[7.82],[8.86295053],['Be' 'Sc' 'Ti' 'Co' 'Zn' 'Y' 'Zr' 'Tc' 'Ru' 'Pr' 'Nd' 'Gd' 'Tb' 'Dy' 'Er' 'Tm' 'Lu' 'Re' 'Os' 'Tl'],[23.48 16.16 24.44 37.64 20.98  8.52 22.18 36.19 40.5   1.65  0.25  5.2   6.17  7.06  8.45  8.96  9.75 35.35 38.54 22.09],[19.75377751 20.03981465 25.22720841 26.24876601 20.61899719 11.22279563 20.9849001  26.91439144 29.85061644 16.41392493 16.51771418 11.93885119  8.79134203  8.52555595  9.72342882  9.49086677  8.64381273 23.15804778 19.47662261 20.4716519 ],0.5805474319628399
18,Pauli,2,3,full,['Ho'],[7.82],[11.02527763],['Be' 'Sc' 'Ti' 'Co' 'Zn' 'Y' 'Zr' 'Tc' 'Ru' 'Pr' 'Nd' 'Gd' 'Tb' 'Dy' 'Er' 'Tm' 'Lu' 'Re' 'Os' 'Tl'],[23.48 16.16 24.44 37.64 20.98  8.52 22.18 36.19 40.5   1.65  0.25  5.2   6.17  7.06  8.45  8.96  9.75 35.35 38.54 22.09],[21.58291327 18.66180486 22.1013845  29.81101953 19.08311861 10.35820607 24.15144223 25.18525595 30.90240607  4.67827856  6.90682701 10.88945713 13.33536271 12.31383846  9.87633194  9.30965405  8.97255913 26.0137272  24.68648803 17.92022599],0.7744983895533246
18,Pauli,2,3,circular,['Ho'],[7.82],[7.94711605],['Be' 'Sc' 'Ti' 'Co' 'Zn' 'Y' 'Zr' 'Tc' 'Ru' 'Pr' 'Nd' 'Gd' 'Tb' 'Dy' 'Er' 'Tm' 'Lu' 'Re' 'Os' 'Tl'],[23.48 16.16 24.44 37.64 20.98  8.52 22.18 36.19 40.5   1.65  0.25  5.2   6.17  7.06  8.45  8.96  9.75 35.35 38.54 22.09],[19.15618388 14.45532733 20.8829642  25.36242196 17.63897795 10.21977246 23.17647377 26.58853241 32.97920789  6.57904653  7.01850775 10.81345697 12.64943036 10.54485192  7.74126119  8.65245446 11.7620234  23.41380562 25.37399206 16.55822095],0.7477055526791772
18,Pauli,2,4,linear,['Ho'],[7.82],[6.91004275],['Be' 'Sc' 'Ti' 'Co' 'Zn' 'Y' 'Zr' 'Tc' 'Ru' 'Pr' 'Nd' 'Gd' 'Tb' 'Dy' 'Er' 'Tm' 'Lu' 'Re' 'Os' 'Tl'],[23.48 16.16 24.44 37.64 20.98  8.52 22.18 36.19 40.5   1.65  0.25  5.2   6.17  7.06  8.45  8.96  9.75 35.35 38.54 22.09],[19.13473785 19.85304077 24.40337617 28.36933381 21.52363471 10.83045793 23.93733891 27.87428736 32.42404136 16.09766166 14.35211704 11.04549908  8.93156994  8.09999864  7.3582945   7.62657597 11.44653718 22.41190122 19.97782896 21.32049254],0.6371757426308116
18,Pauli,2,4,full,['Ho'],[7.82],[8.79437457],['Be' 'Sc' 'Ti' 'Co' 'Zn' 'Y' 'Zr' 'Tc' 'Ru' 'Pr' 'Nd' 'Gd' 'Tb' 'Dy' 'Er' 'Tm' 'Lu' 'Re' 'Os' 'Tl'],[23.48 16.16 24.44 37.64 20.98  8.52 22.18 36.19 40.5   1.65  0.25  5.2   6.17  7.06  8.45  8.96  9.75 35.35 38.54 22.09],[20.81477731 19.24410806 21.55413796 28.6703934  21.97565046 10.28893341 25.31427996 31.93193159 34.51790624  6.4591175   6.56357247 10.66125058 13.54176141 11.46048276  8.02584899  8.08849292 10.52514449 25.49968691 25.4252441  20.995024  ],0.819670669660865
18,Pauli,2,4,circular,['Ho'],[7.82],[8.72025329],['Be' 'Sc' 'Ti' 'Co' 'Zn' 'Y' 'Zr' 'Tc' 'Ru' 'Pr' 'Nd' 'Gd' 'Tb' 'Dy' 'Er' 'Tm' 'Lu' 'Re' 'Os' 'Tl'],[23.48 16.16 24.44 37.64 20.98  8.52 22.18 36.19 40.5   1.65  0.25  5.2   6.17  7.06  8.45  8.96  9.75 35.35 38.54 22.09],[21.21155845 18.51937708 21.16137447 29.39859939 22.32980367 10.23127619 25.34341993 31.88393132 34.09792194  6.88655856  6.60271122 10.5547526  13.03466649 11.04873357  8.49339716  8.77243764 10.80185532 25.47528765 25.41661248 20.73954619],0.8242969318598488
18,Pauli,2,5,linear,['Ho'],[7.82],[6.92367228],['Be' 'Sc' 'Ti' 'Co' 'Zn' 'Y' 'Zr' 'Tc' 'Ru' 'Pr' 'Nd' 'Gd' 'Tb' 'Dy' 'Er' 'Tm' 'Lu' 'Re' 'Os' 'Tl'],[23.48 16.16 24.44 37.64 20.98  8.52 22.18 36.19 40.5   1.65  0.25  5.2   6.17  7.06  8.45  8.96  9.75 35.35 38.54 22.09],[19.02045563 19.77341125 24.31337787 28.33346522 21.02308525 11.11079769 23.90372004 27.76113735 32.6642605  16.31739499 14.41683125 11.20679106  8.99117071  8.15528519  7.18628454  7.40080314 11.02544218 22.47224828 20.32851807 21.30807822],0.6383250179856904
18,Pauli,2,5,full,['Ho'],[7.82],[8.762048],['Be' 'Sc' 'Ti' 'Co' 'Zn' 'Y' 'Zr' 'Tc' 'Ru' 'Pr' 'Nd' 'Gd' 'Tb' 'Dy' 'Er' 'Tm' 'Lu' 'Re' 'Os' 'Tl'],[23.48 16.16 24.44 37.64 20.98  8.52 22.18 36.19 40.5   1.65  0.25  5.2   6.17  7.06  8.45  8.96  9.75 35.35 38.54 22.09],[21.96064098 18.35049431 20.91126184 29.60224717 22.55745223 10.44592141 25.0587931  32.05525917 33.45680857  7.2560649   6.69230687 10.63140972 12.76810093 10.85696621  8.87293588  9.30451435 11.0424982  25.70282598 25.43555164 21.0455547 ],0.8249652082183849
18,Pauli,2,5,circular,['Ho'],[7.82],[8.60856464],['Be' 'Sc' 'Ti' 'Co' 'Zn' 'Y' 'Zr' 'Tc' 'Ru' 'Pr' 'Nd' 'Gd' 'Tb' 'Dy' 'Er' 'Tm' 'Lu' 'Re' 'Os' 'Tl'],[23.48 16.16 24.44 37.64 20.98  8.52 22.18 36.19 40.5   1.65  0.25  5.2   6.17  7.06  8.45  8.96  9.75 35.35 38.54 22.09],[21.80761423 18.32646475 20.89756513 29.57905378 22.57949184 10.3664303  25.13289193 31.91119442 33.52311807  7.18884517  6.65401959 10.58571367 12.69741929 10.73561434  8.68539107  9.11449228 10.83119904 25.55783244 25.48428586 20.85717976],0.8252537067902868
18,Pauli,3,1,linear,['Ho'],[7.82],[7.61278299],['Be' 'Sc' 'Ti' 'Co' 'Zn' 'Y' 'Zr' 'Tc' 'Ru' 'Pr' 'Nd' 'Gd' 'Tb' 'Dy' 'Er' 'Tm' 'Lu' 'Re' 'Os' 'Tl'],[23.48 16.16 24.44 37.64 20.98  8.52 22.18 36.19 40.5   1.65  0.25  5.2   6.17  7.06  8.45  8.96  9.75 35.35 38.54 22.09],[17.95336237 13.91862554 26.33579762 26.95399416 19.59083001 14.30567543 18.33911938 30.71252077 29.40484915 14.13092525 15.92767795 14.68986827  7.65434132  6.49437673  9.2231951  10.76380699 12.10696213 14.74877355 25.50393936 24.26601931],0.5697032112094016
18,Pauli,3,1,full,['Ho'],[7.82],[18.29599277],['Be' 'Sc' 'Ti' 'Co' 'Zn' 'Y' 'Zr' 'Tc' 'Ru' 'Pr' 'Nd' 'Gd' 'Tb' 'Dy' 'Er' 'Tm' 'Lu' 'Re' 'Os' 'Tl'],[23.48 16.16 24.44 37.64 20.98  8.52 22.18 36.19 40.5   1.65  0.25  5.2   6.17  7.06  8.45  8.96  9.75 35.35 38.54 22.09],[27.98196742 11.06620864 23.94247201 25.8856408  19.65350908 11.91339829 13.49080519 16.49091903 33.16722999  4.20775336  8.83902185 12.08263534 16.84688833 17.25436841 16.48499306 13.89453844 15.82139662 26.96479028 17.68411912 18.24260894],0.4967397892419342
18,Pauli,3,1,circular,['Ho'],[7.82],[18.24081907],['Be' 'Sc' 'Ti' 'Co' 'Zn' 'Y' 'Zr' 'Tc' 'Ru' 'Pr' 'Nd' 'Gd' 'Tb' 'Dy' 'Er' 'Tm' 'Lu' 'Re' 'Os' 'Tl'],[23.48 16.16 24.44 37.64 20.98  8.52 22.18 36.19 40.5   1.65  0.25  5.2   6.17  7.06  8.45  8.96  9.75 35.35 38.54 22.09],[27.95786171 11.06159036 23.92277932 25.95576675 19.61380041 11.93250638 13.50537928 16.4347205  33.14681925  4.24193838  8.84661521 12.09667859 16.83776569 17.21942991 16.45180692 13.90422161 15.84579933 26.98704952 17.67784067 18.24802086],0.4967368562965425
18,Pauli,3,2,linear,['Ho'],[7.82],[6.44549702],['Be' 'Sc' 'Ti' 'Co' 'Zn' 'Y' 'Zr' 'Tc' 'Ru' 'Pr' 'Nd' 'Gd' 'Tb' 'Dy' 'Er' 'Tm' 'Lu' 'Re' 'Os' 'Tl'],[23.48 16.16 24.44 37.64 20.98  8.52 22.18 36.19 40.5   1.65  0.25  5.2   6.17  7.06  8.45  8.96  9.75 35.35 38.54 22.09],[22.69319024 10.67180585 26.19959124 24.52268138 21.02762505 13.34064631 20.97866007 30.80491489 33.0093501  12.87970017 15.09281974 14.36659164  7.66623373  5.57809836  8.57504911  9.7146379  10.8436253  14.16103472 25.76916949 22.95930634],0.5974440183761041
18,Pauli,3,2,full,['Ho'],[7.82],[12.33280143],['Be' 'Sc' 'Ti' 'Co' 'Zn' 'Y' 'Zr' 'Tc' 'Ru' 'Pr' 'Nd' 'Gd' 'Tb' 'Dy' 'Er' 'Tm' 'Lu' 'Re' 'Os' 'Tl'],[23.48 16.16 24.44 37.64 20.98  8.52 22.18 36.19 40.5   1.65  0.25  5.2   6.17  7.06  8.45  8.96  9.75 35.35 38.54 22.09],[20.82209511  7.6871416  21.49346502 29.21375054 18.83833534 13.64902546 19.31720817 35.90801828 35.71813451  5.44939471 13.4279741  13.3283015  12.01306896 11.7178104  12.86617183 11.0113783  13.4477719  28.17761686 20.02998285 22.01465455],0.7163218828364343
18,Pauli,3,2,circular,['Ho'],[7.82],[12.33210109],['Be' 'Sc' 'Ti' 'Co' 'Zn' 'Y' 'Zr' 'Tc' 'Ru' 'Pr' 'Nd' 'Gd' 'Tb' 'Dy' 'Er' 'Tm' 'Lu' 'Re' 'Os' 'Tl'],[23.48 16.16 24.44 37.64 20.98  8.52 22.18 36.19 40.5   1.65  0.25  5.2   6.17  7.06  8.45  8.96  9.75 35.35 38.54 22.09],[20.81594927  7.69712818 21.49258833 29.2193887  18.82902667 13.65754031 19.33111872 35.9059516  35.72051287  5.45204664 13.43287891 13.33532416 12.01377382 11.71697223 12.86993537 11.01763468 13.45221222 28.17483836 20.03526568 22.02036636],0.7163220226106088
18,Pauli,3,3,linear,['Ho'],[7.82],[6.01924471],['Be' 'Sc' 'Ti' 'Co' 'Zn' 'Y' 'Zr' 'Tc' 'Ru' 'Pr' 'Nd' 'Gd' 'Tb' 'Dy' 'Er' 'Tm' 'Lu' 'Re' 'Os' 'Tl'],[23.48 16.16 24.44 37.64 20.98  8.52 22.18 36.19 40.5   1.65  0.25  5.2   6.17  7.06  8.45  8.96  9.75 35.35 38.54 22.09],[21.44646102 15.71729445 24.67737605 24.02505513 20.44886131 13.36419743 20.12725477 32.65746838 33.17091355 13.12731796 13.99569704 14.04307869  7.75142927  5.19750266  8.6505951  10.72180116 11.69562058 15.59836597 26.25775189 27.2454308 ],0.6275007062968863
18,Pauli,3,3,full,['Ho'],[7.82],[8.22817574],['Be' 'Sc' 'Ti' 'Co' 'Zn' 'Y' 'Zr' 'Tc' 'Ru' 'Pr' 'Nd' 'Gd' 'Tb' 'Dy' 'Er' 'Tm' 'Lu' 'Re' 'Os' 'Tl'],[23.48 16.16 24.44 37.64 20.98  8.52 22.18 36.19 40.5   1.65  0.25  5.2   6.17  7.06  8.45  8.96  9.75 35.35 38.54 22.09],[24.24902796 11.7582842  20.58278504 32.87863692 24.00369637 10.54638153 23.79989451 33.93494894 33.33245827  5.48075067 12.20936814 11.67248986 10.24490191  8.29019386  9.55843897  8.86591538 12.94336902 29.62407813 21.28905716 23.24458773],0.7963268120647691
18,Pauli,3,3,circular,['Ho'],[7.82],[11.6108745],['Be' 'Sc' 'Ti' 'Co' 'Zn' 'Y' 'Zr' 'Tc' 'Ru' 'Pr' 'Nd' 'Gd' 'Tb' 'Dy' 'Er' 'Tm' 'Lu' 'Re' 'Os' 'Tl'],[23.48 16.16 24.44 37.64 20.98  8.52 22.18 36.19 40.5   1.65  0.25  5.2   6.17  7.06  8.45  8.96  9.75 35.35 38.54 22.09],[18.59094057 14.04743359 22.47398617 30.9155791  24.69873705 10.12610972 23.72368162 34.7066912  35.31791353  5.69103414 11.54082852 10.60140656 11.65234869 10.66767252 11.23613201  9.25616487 11.79419122 28.70793901 21.25391587 24.00123534],0.7935984574889002
18,Pauli,3,4,linear,['Ho'],[7.82],[6.80168452],['Be' 'Sc' 'Ti' 'Co' 'Zn' 'Y' 'Zr' 'Tc' 'Ru' 'Pr' 'Nd' 'Gd' 'Tb' 'Dy' 'Er' 'Tm' 'Lu' 'Re' 'Os' 'Tl'],[23.48 16.16 24.44 37.64 20.98  8.52 22.18 36.19 40.5   1.65  0.25  5.2   6.17  7.06  8.45  8.96  9.75 35.35 38.54 22.09],[19.561618   14.83240075 26.01219241 26.29464241 19.09384433 12.81509727 20.29110222 31.65142958 34.74673179 13.65921162 14.03221531 13.47467131  7.96463219  5.94982978  8.49637834  9.80972063 12.16101276 16.39685982 26.27546941 25.94406059],0.6562628517965665
18,Pauli,3,4,full,['Ho'],[7.82],[11.0500199],['Be' 'Sc' 'Ti' 'Co' 'Zn' 'Y' 'Zr' 'Tc' 'Ru' 'Pr' 'Nd' 'Gd' 'Tb' 'Dy' 'Er' 'Tm' 'Lu' 'Re' 'Os' 'Tl'],[23.48 16.16 24.44 37.64 20.98  8.52 22.18 36.19 40.5   1.65  0.25  5.2   6.17  7.06  8.45  8.96  9.75 35.35 38.54 22.09],[21.90325766 13.82572713 21.63929377 31.72257792 21.60955842  9.65965165 23.92642388 32.63173817 36.33612453  7.90299842 12.1735162  10.6431194  11.56812118 10.3578306  10.61665098  8.58104521 11.78991967 29.54466792 21.62969899 24.88666318],0.8015685283302825
18,Pauli,3,4,circular,['Ho'],[7.82],[11.20034591],['Be' 'Sc' 'Ti' 'Co' 'Zn' 'Y' 'Zr' 'Tc' 'Ru' 'Pr' 'Nd' 'Gd' 'Tb' 'Dy' 'Er' 'Tm' 'Lu' 'Re' 'Os' 'Tl'],[23.48 16.16 24.44 37.64 20.98  8.52 22.18 36.19 40.5   1.65  0.25  5.2   6.17  7.06  8.45  8.96  9.75 35.35 38.54 22.09],[21.57479563 12.57183391 19.0296922  31.36368032 25.21188415  9.1589483  22.19050743 35.19506659 33.75508589  6.52106287 11.2822312  10.28165311 10.75335713 10.01843701 10.80446968  8.35055358 12.21537553 29.46897345 21.09467332 23.70700543],0.7922533763672336
18,Pauli,3,5,linear,['Ho'],[7.82],[7.99344506],['Be' 'Sc' 'Ti' 'Co' 'Zn' 'Y' 'Zr' 'Tc' 'Ru' 'Pr' 'Nd' 'Gd' 'Tb' 'Dy' 'Er' 'Tm' 'Lu' 'Re' 'Os' 'Tl'],[23.48 16.16 24.44 37.64 20.98  8.52 22.18 36.19 40.5   1.65  0.25  5.2   6.17  7.06  8.45  8.96  9.75 35.35 38.54 22.09],[20.91175699 14.83773258 25.96022395 26.64915161 19.28424219 12.65030614 20.29272798 30.64057434 34.23231537 13.3594476  13.67752869 13.22762083  8.22368065  6.61520252  9.13826436  9.82573314 11.3964605  16.11838286 26.26198876 26.2152492 ],0.660051209852452
18,Pauli,3,5,full,['Ho'],[7.82],[10.50625985],['Be' 'Sc' 'Ti' 'Co' 'Zn' 'Y' 'Zr' 'Tc' 'Ru' 'Pr' 'Nd' 'Gd' 'Tb' 'Dy' 'Er' 'Tm' 'Lu' 'Re' 'Os' 'Tl'],[23.48 16.16 24.44 37.64 20.98  8.52 22.18 36.19 40.5   1.65  0.25  5.2   6.17  7.06  8.45  8.96  9.75 35.35 38.54 22.09],[23.17321255 14.67650703 22.04972771 32.38095314 22.50932331  9.97805506 23.14857872 34.48402965 35.60164882  6.16694848 11.52983512 11.08884754 11.47200864  9.70714039 10.59080138  9.05514889 12.47074645 29.54704531 21.19885997 22.63944074],0.8136110935474946
18,Pauli,3,5,circular,['Ho'],[7.82],[11.01924195],['Be' 'Sc' 'Ti' 'Co' 'Zn' 'Y' 'Zr' 'Tc' 'Ru' 'Pr' 'Nd' 'Gd' 'Tb' 'Dy' 'Er' 'Tm' 'Lu' 'Re' 'Os' 'Tl'],[23.48 16.16 24.44 37.64 20.98  8.52 22.18 36.19 40.5   1.65  0.25  5.2   6.17  7.06  8.45  8.96  9.75 35.35 38.54 22.09],[21.7627955  14.05925825 21.76244693 32.0312746  22.50268383  9.44549257 23.82303832 32.39870703 35.98424054  7.16433749 11.93402779 10.62348298 11.41515822 10.27813412 10.66756577  8.46251826 11.82295682 29.92293581 21.364776   23.89318721],0.8059744246824367
18,Pauli,4,1,linear,['Ho'],[7.82],[13.8716275],['Be' 'Sc' 'Ti' 'Co' 'Zn' 'Y' 'Zr' 'Tc' 'Ru' 'Pr' 'Nd' 'Gd' 'Tb' 'Dy' 'Er' 'Tm' 'Lu' 'Re' 'Os' 'Tl'],[23.48 16.16 24.44 37.64 20.98  8.52 22.18 36.19 40.5   1.65  0.25  5.2   6.17  7.06  8.45  8.96  9.75 35.35 38.54 22.09],[21.2049387  16.86043732 26.53460448 21.60498257 25.18321505  8.13981613 19.51525919 25.81122285 27.88511838  3.78811772  3.45583794  6.5985716   8.4508928  12.46685295 12.82817056 11.27073259 19.70675276 27.81016574 29.3689607  18.08524595],0.7373178668922118
18,Pauli,4,1,full,['Ho'],[7.82],[12.06177787],['Be' 'Sc' 'Ti' 'Co' 'Zn' 'Y' 'Zr' 'Tc' 'Ru' 'Pr' 'Nd' 'Gd' 'Tb' 'Dy' 'Er' 'Tm' 'Lu' 'Re' 'Os' 'Tl'],[23.48 16.16 24.44 37.64 20.98  8.52 22.18 36.19 40.5   1.65  0.25  5.2   6.17  7.06  8.45  8.96  9.75 35.35 38.54 22.09],[19.01992913 11.21308057 20.24839458 28.97031075 30.07430839 13.92433771 17.95033763 28.38241467 22.8436982  14.51122458 14.62686505 10.07532306  9.00679477 10.15273439 16.74823415 19.34853211 15.32593308 23.70428674 29.83163274 20.59760561],0.565161930584418
18,Pauli,4,1,circular,['Ho'],[7.82],[12.05970644],['Be' 'Sc' 'Ti' 'Co' 'Zn' 'Y' 'Zr' 'Tc' 'Ru' 'Pr' 'Nd' 'Gd' 'Tb' 'Dy' 'Er' 'Tm' 'Lu' 'Re' 'Os' 'Tl'],[23.48 16.16 24.44 37.64 20.98  8.52 22.18 36.19 40.5   1.65  0.25  5.2   6.17  7.06  8.45  8.96  9.75 35.35 38.54 22.09],[19.01067302 11.20567808 20.24673958 28.96810314 30.07414284 13.92323998 17.94865672 28.38634649 22.84176054 14.51252304 14.62425646 10.0740267   9.01049905 10.15343871 16.74552003 19.34737412 15.32784592 23.70740974 29.83605606 20.59393773],0.5651621956104976
18,Pauli,4,2,linear,['Ho'],[7.82],[11.13323577],['Be' 'Sc' 'Ti' 'Co' 'Zn' 'Y' 'Zr' 'Tc' 'Ru' 'Pr' 'Nd' 'Gd' 'Tb' 'Dy' 'Er' 'Tm' 'Lu' 'Re' 'Os' 'Tl'],[23.48 16.16 24.44 37.64 20.98  8.52 22.18 36.19 40.5   1.65  0.25  5.2   6.17  7.06  8.45  8.96  9.75 35.35 38.54 22.09],[19.37770527 21.2035484  25.79049261 23.01279332 21.49427621  8.90997552 24.04658451 30.35573022 25.67262789  9.03558927  6.22440139  9.0184276   9.7988482   9.75473025 12.34029398 10.66626552 18.66432922 29.52752745 27.11603358 17.68240831],0.7279971973469312
18,Pauli,4,2,full,['Ho'],[7.82],[13.44779399],['Be' 'Sc' 'Ti' 'Co' 'Zn' 'Y' 'Zr' 'Tc' 'Ru' 'Pr' 'Nd' 'Gd' 'Tb' 'Dy' 'Er' 'Tm' 'Lu' 'Re' 'Os' 'Tl'],[23.48 16.16 24.44 37.64 20.98  8.52 22.18 36.19 40.5   1.65  0.25  5.2   6.17  7.06  8.45  8.96  9.75 35.35 38.54 22.09],[20.00891683 13.25213301 25.51095238 20.05157482 23.80122054  8.91735531 18.83256979 31.54678654 21.98287313  7.46629805 10.40632507  6.24263383 11.36715054 11.912201   14.23308262 15.64944494 15.20584868 26.78370693 31.47062202 23.37738911],0.6649137228028892
18,Pauli,4,2,circular,['Ho'],[7.82],[13.44957701],['Be' 'Sc' 'Ti' 'Co' 'Zn' 'Y' 'Zr' 'Tc' 'Ru' 'Pr' 'Nd' 'Gd' 'Tb' 'Dy' 'Er' 'Tm' 'Lu' 'Re' 'Os' 'Tl'],[23.48 16.16 24.44 37.64 20.98  8.52 22.18 36.19 40.5   1.65  0.25  5.2   6.17  7.06  8.45  8.96  9.75 35.35 38.54 22.09],[20.00472335 13.25614246 25.52000294 20.05415886 23.79577355  8.91760606 18.82447247 31.54358417 21.97723199  7.4622408  10.40308196  6.24052298 11.36792183 11.91413929 14.2314078  15.64574757 15.201911   26.78320131 31.47034828 23.37465921],0.6649137234837083
18,Pauli,4,3,linear,['Ho'],[7.82],[11.61195748],['Be' 'Sc' 'Ti' 'Co' 'Zn' 'Y' 'Zr' 'Tc' 'Ru' 'Pr' 'Nd' 'Gd' 'Tb' 'Dy' 'Er' 'Tm' 'Lu' 'Re' 'Os' 'Tl'],[23.48 16.16 24.44 37.64 20.98  8.52 22.18 36.19 40.5   1.65  0.25  5.2   6.17  7.06  8.45  8.96  9.75 35.35 38.54 22.09],[24.65970945 17.41474557 27.0498322  23.82818439 22.04129223 10.37094182 19.11517795 31.73937749 29.57958623  4.08429087  8.90352008 12.10502733  8.76495652  8.77839797 14.16963795 11.4582222  17.03732597 33.15705605 33.75714833 18.05512938],0.8148909466127445
18,Pauli,4,3,full,['Ho'],[7.82],[15.70741269],['Be' 'Sc' 'Ti' 'Co' 'Zn' 'Y' 'Zr' 'Tc' 'Ru' 'Pr' 'Nd' 'Gd' 'Tb' 'Dy' 'Er' 'Tm' 'Lu' 'Re' 'Os' 'Tl'],[23.48 16.16 24.44 37.64 20.98  8.52 22.18 36.19 40.5   1.65  0.25  5.2   6.17  7.06  8.45  8.96  9.75 35.35 38.54 22.09],[21.7799108  12.59414496 25.76431614 26.19967723 26.67203363 11.87547838 19.41075874 29.63454874 28.61461045 11.33193231 12.54368756  8.58461565  9.20853668 11.70983282 13.97405849 10.06614323 12.5704165  30.4390703  28.87424596 24.46728212],0.7541100886564781
18,Pauli,4,3,circular,['Ho'],[7.82],[14.51943469],['Be' 'Sc' 'Ti' 'Co' 'Zn' 'Y' 'Zr' 'Tc' 'Ru' 'Pr' 'Nd' 'Gd' 'Tb' 'Dy' 'Er' 'Tm' 'Lu' 'Re' 'Os' 'Tl'],[23.48 16.16 24.44 37.64 20.98  8.52 22.18 36.19 40.5   1.65  0.25  5.2   6.17  7.06  8.45  8.96  9.75 35.35 38.54 22.09],[22.39308025 13.68328519 26.0141688  25.31702304 25.24720362 11.13804632 19.75888375 30.24405054 29.21149705 10.60152316 11.18762054  7.51039798  8.75222714 11.43058565 12.63121582 10.85326881 15.61531217 28.63488233 30.13932455 24.63470856],0.774763239290355
18,Pauli,4,4,linear,['Ho'],[7.82],[11.6244719],['Be' 'Sc' 'Ti' 'Co' 'Zn' 'Y' 'Zr' 'Tc' 'Ru' 'Pr' 'Nd' 'Gd' 'Tb' 'Dy' 'Er' 'Tm' 'Lu' 'Re' 'Os' 'Tl'],[23.48 16.16 24.44 37.64 20.98  8.52 22.18 36.19 40.5   1.65  0.25  5.2   6.17  7.06  8.45  8.96  9.75 35.35 38.54 22.09],[24.38048025 18.57436556 26.53179899 25.9349672  21.34379677  7.50318287 21.89691362 28.981967   29.51577935  8.15558064  7.89897563  8.77291593  6.34172236  8.81555551 12.84662158  9.78937803 17.32501428 31.90167206 33.14056324 19.18361   ],0.833254873721152
18,Pauli,4,4,full,['Ho'],[7.82],[13.60099246],['Be' 'Sc' 'Ti' 'Co' 'Zn' 'Y' 'Zr' 'Tc' 'Ru' 'Pr' 'Nd' 'Gd' 'Tb' 'Dy' 'Er' 'Tm' 'Lu' 'Re' 'Os' 'Tl'],[23.48 16.16 24.44 37.64 20.98  8.52 22.18 36.19 40.5   1.65  0.25  5.2   6.17  7.06  8.45  8.96  9.75 35.35 38.54 22.09],[23.09476928 14.12720687 26.47041734 26.34535639 25.3925838  10.81071009 18.69432958 30.30055609 27.89426544 10.63211732 10.72893735  6.69596098  7.58038912 10.6811959  12.0407802  11.12688158 15.99629024 29.41320822 29.893351   23.97793528],0.7804838068609362
18,Pauli,4,4,circular,['Ho'],[7.82],[13.31172837],['Be' 'Sc' 'Ti' 'Co' 'Zn' 'Y' 'Zr' 'Tc' 'Ru' 'Pr' 'Nd' 'Gd' 'Tb' 'Dy' 'Er' 'Tm' 'Lu' 'Re' 'Os' 'Tl'],[23.48 16.16 24.44 37.64 20.98  8.52 22.18 36.19 40.5   1.65  0.25  5.2   6.17  7.06  8.45  8.96  9.75 35.35 38.54 22.09],[23.01365565 14.1981245  26.32920318 26.31850746 25.40880005 10.70617496 18.15659836 30.16920687 28.01743088 10.63221112 10.82573198  6.57463603  7.55883931 10.40964417 11.98641487 11.3485528  15.9837755  29.48940803 30.03812015 24.08138387],0.7807046167621161
18,Pauli,4,5,linear,['Ho'],[7.82],[9.4569212],['Be' 'Sc' 'Ti' 'Co' 'Zn' 'Y' 'Zr' 'Tc' 'Ru' 'Pr' 'Nd' 'Gd' 'Tb' 'Dy' 'Er' 'Tm' 'Lu' 'Re' 'Os' 'Tl'],[23.48 16.16 24.44 37.64 20.98  8.52 22.18 36.19 40.5   1.65  0.25  5.2   6.17  7.06  8.45  8.96  9.75 35.35 38.54 22.09],[23.96596105 14.81410292 26.8985924  23.79401167 22.34303705  9.38530121 23.73491285 30.09977522 30.81128143  4.90698266  6.77934002 10.02388521  8.21685433  7.85438428 11.23784491 10.67645117 17.25048881 32.65223511 33.19987831 17.96557278],0.8416806553270468
18,Pauli,4,5,full,['Ho'],[7.82],[13.38843159],['Be' 'Sc' 'Ti' 'Co' 'Zn' 'Y' 'Zr' 'Tc' 'Ru' 'Pr' 'Nd' 'Gd' 'Tb' 'Dy' 'Er' 'Tm' 'Lu' 'Re' 'Os' 'Tl'],[23.48 16.16 24.44 37.64 20.98  8.52 22.18 36.19 40.5   1.65  0.25  5.2   6.17  7.06  8.45  8.96  9.75 35.35 38.54 22.09],[22.92260902 14.13025437 26.18311868 26.31267601 25.42777992 10.90397502 18.2673469  30.314521   28.14794667 10.73450428 10.94352655  6.79150785  7.6086953  10.49640971 11.9597912  11.20450746 15.95007554 29.52358349 30.0047001  24.12000909],0.7807143578893734
18,Pauli,4,5,circular,['Ho'],[7.82],[13.49019605],['Be' 'Sc' 'Ti' 'Co' 'Zn' 'Y' 'Zr' 'Tc' 'Ru' 'Pr' 'Nd' 'Gd' 'Tb' 'Dy' 'Er' 'Tm' 'Lu' 'Re' 'Os' 'Tl'],[23.48 16.16 24.44 37.64 20.98  8.52 22.18 36.19 40.5   1.65  0.25  5.2   6.17  7.06  8.45  8.96  9.75 35.35 38.54 22.09],[23.05577241 14.16615607 26.35413354 26.31411176 25.42609001 10.77655576 18.32191091 30.31639162 28.07037283 10.62032434 10.85082064  6.67120076  7.56927721 10.53290955 12.07927784 11.25908074 16.00017606 29.49728129 29.96413747 24.14831935],0.7807834028276076
18,Pauli,5,1,linear,['Ho'],[7.82],[16.29926175],['Be' 'Sc' 'Ti' 'Co' 'Zn' 'Y' 'Zr' 'Tc' 'Ru' 'Pr' 'Nd' 'Gd' 'Tb' 'Dy' 'Er' 'Tm' 'Lu' 'Re' 'Os' 'Tl'],[23.48 16.16 24.44 37.64 20.98  8.52 22.18 36.19 40.5   1.65  0.25  5.2   6.17  7.06  8.45  8.96  9.75 35.35 38.54 22.09],[21.04984689 25.4855018  19.821964   30.26567534 18.72332159 10.09781043 26.61917876 16.89470472 23.64708071 10.36066258  3.59369642  7.91498388  9.72258277 13.19439978 16.55017863 15.22150137 15.1499356  28.25719324 19.8052517  22.52269171],0.5481508186756985
18,Pauli,5,1,full,['Ho'],[7.82],[14.50029609],['Be' 'Sc' 'Ti' 'Co' 'Zn' 'Y' 'Zr' 'Tc' 'Ru' 'Pr' 'Nd' 'Gd' 'Tb' 'Dy' 'Er' 'Tm' 'Lu' 'Re' 'Os' 'Tl'],[23.48 16.16 24.44 37.64 20.98  8.52 22.18 36.19 40.5   1.65  0.25  5.2   6.17  7.06  8.45  8.96  9.75 35.35 38.54 22.09],[23.37313058 12.90264539 15.88942046 22.63998162 29.46595817 19.00076365 15.35358455 30.61997956 26.5323629  17.59842033 13.55886364 14.9110449  21.24053488 19.61658148 10.55838806  9.66517426 10.24025869 25.66043096 33.7908511  20.03244376],0.4692999819887781
18,Pauli,5,1,circular,['Ho'],[7.82],[14.49869808],['Be' 'Sc' 'Ti' 'Co' 'Zn' 'Y' 'Zr' 'Tc' 'Ru' 'Pr' 'Nd' 'Gd' 'Tb' 'Dy' 'Er' 'Tm' 'Lu' 'Re' 'Os' 'Tl'],[23.48 16.16 24.44 37.64 20.98  8.52 22.18 36.19 40.5   1.65  0.25  5.2   6.17  7.06  8.45  8.96  9.75 35.35 38.54 22.09],[23.37508332 12.90712632 15.88611724 22.64007209 29.46852409 19.00391633 15.35483327 30.62109509 26.52904935 17.59740362 13.5558099  14.91161454 21.24052981 19.61522796 10.55914238  9.66780415 10.24315792 25.66372908 33.79174387 20.03185176],0.4692999893527606
18,Pauli,5,2,linear,['Ho'],[7.82],[17.2474539],['Be' 'Sc' 'Ti' 'Co' 'Zn' 'Y' 'Zr' 'Tc' 'Ru' 'Pr' 'Nd' 'Gd' 'Tb' 'Dy' 'Er' 'Tm' 'Lu' 'Re' 'Os' 'Tl'],[23.48 16.16 24.44 37.64 20.98  8.52 22.18 36.19 40.5   1.65  0.25  5.2   6.17  7.06  8.45  8.96  9.75 35.35 38.54 22.09],[17.92088779 26.2631456  23.25159176 33.88305365 18.11903743 15.18747087 19.90099473 17.37394611 22.56270032  7.48867535  5.49581022 13.83508764  9.61043292 14.30640201 17.38451259 13.61432806 15.14524067 24.81201843 26.61005998 21.90416973],0.5675198076709678
18,Pauli,5,2,full,['Ho'],[7.82],[14.11776847],['Be' 'Sc' 'Ti' 'Co' 'Zn' 'Y' 'Zr' 'Tc' 'Ru' 'Pr' 'Nd' 'Gd' 'Tb' 'Dy' 'Er' 'Tm' 'Lu' 'Re' 'Os' 'Tl'],[23.48 16.16 24.44 37.64 20.98  8.52 22.18 36.19 40.5   1.65  0.25  5.2   6.17  7.06  8.45  8.96  9.75 35.35 38.54 22.09],[18.22946624 19.93454061 21.13940956 32.28213238 26.42262185  9.06611891 19.57518842 28.11330318 22.95628229 13.05057377 10.74086352 13.84592055 17.30969284 11.42000779 13.40805012  9.15519316 10.58879366 22.21670407 31.42296117 16.9028447 ],0.6389578296416029
18,Pauli,5,2,circular,['Ho'],[7.82],[14.1144326],['Be' 'Sc' 'Ti' 'Co' 'Zn' 'Y' 'Zr' 'Tc' 'Ru' 'Pr' 'Nd' 'Gd' 'Tb' 'Dy' 'Er' 'Tm' 'Lu' 'Re' 'Os' 'Tl'],[23.48 16.16 24.44 37.64 20.98  8.52 22.18 36.19 40.5   1.65  0.25  5.2   6.17  7.06  8.45  8.96  9.75 35.35 38.54 22.09],[18.24275848 19.92908826 21.13941982 32.27958422 26.42125827  9.07208542 19.5734111  28.10364491 22.94128244 13.05161599 10.73006529 13.84313383 17.30437294 11.41582004 13.41255002  9.16074314 10.586248   22.23049346 31.41076754 16.9009988 ],0.6389584510398119
18,Pauli,5,3,linear,['Ho'],[7.82],[12.9621704],['Be' 'Sc' 'Ti' 'Co' 'Zn' 'Y' 'Zr' 'Tc' 'Ru' 'Pr' 'Nd' 'Gd' 'Tb' 'Dy' 'Er' 'Tm' 'Lu' 'Re' 'Os' 'Tl'],[23.48 16.16 24.44 37.64 20.98  8.52 22.18 36.19 40.5   1.65  0.25  5.2   6.17  7.06  8.45  8.96  9.75 35.35 38.54 22.09],[21.78388749 19.15818825 25.20745856 29.50195554 20.50031764 12.25532028 19.03657089 22.91974037 19.38829619  7.32276449  5.38892396  9.92981993 12.4485121  15.32907547 10.64828818 10.36406334 15.40290908 25.9941776  25.46477194 20.59139906],0.64237323401215
18,Pauli,5,3,full,['Ho'],[7.82],[11.67105521],['Be' 'Sc' 'Ti' 'Co' 'Zn' 'Y' 'Zr' 'Tc' 'Ru' 'Pr' 'Nd' 'Gd' 'Tb' 'Dy' 'Er' 'Tm' 'Lu' 'Re' 'Os' 'Tl'],[23.48 16.16 24.44 37.64 20.98  8.52 22.18 36.19 40.5   1.65  0.25  5.2   6.17  7.06  8.45  8.96  9.75 35.35 38.54 22.09],[16.52106941 20.79544827 24.72467168 31.94276702 28.08731689 12.78167341 21.84718578 28.31754746 22.95866517 11.76923273  9.8746215  15.51265443 18.25843809 12.92329924  8.16549543  7.72676912 15.0207974  27.27008511 29.39041514 19.59637711],0.643965202277162
18,Pauli,5,3,circular,['Ho'],[7.82],[10.57283027],['Be' 'Sc' 'Ti' 'Co' 'Zn' 'Y' 'Zr' 'Tc' 'Ru' 'Pr' 'Nd' 'Gd' 'Tb' 'Dy' 'Er' 'Tm' 'Lu' 'Re' 'Os' 'Tl'],[23.48 16.16 24.44 37.64 20.98  8.52 22.18 36.19 40.5   1.65  0.25  5.2   6.17  7.06  8.45  8.96  9.75 35.35 38.54 22.09],[20.62013174 19.22302616 15.67805844 26.5232837  30.83560234 14.65058528 25.4692636  30.20699967 26.80908739 12.75225808  9.53590774 13.10170792 17.64904722 11.95707541  9.91331337  9.9623244  19.77841692 24.53381963 30.39384083 18.88447737],0.6132109129291179
18,Pauli,5,4,linear,['Ho'],[7.82],[10.82349834],['Be' 'Sc' 'Ti' 'Co' 'Zn' 'Y' 'Zr' 'Tc' 'Ru' 'Pr' 'Nd' 'Gd' 'Tb' 'Dy' 'Er' 'Tm' 'Lu' 'Re' 'Os' 'Tl'],[23.48 16.16 24.44 37.64 20.98  8.52 22.18 36.19 40.5   1.65  0.25  5.2   6.17  7.06  8.45  8.96  9.75 35.35 38.54 22.09],[22.2108478  20.71474933 22.91708179 31.778753   19.80043084 13.22825771 21.53636453 20.76668993 24.44678547  8.52675377  6.31921129 12.05331095  9.03484336  9.57883267 13.46255231 12.4334238  10.68046685 26.43831425 22.83757817 18.94843528],0.6761847563946799
18,Pauli,5,4,full,['Ho'],[7.82],[10.7713026],['Be' 'Sc' 'Ti' 'Co' 'Zn' 'Y' 'Zr' 'Tc' 'Ru' 'Pr' 'Nd' 'Gd' 'Tb' 'Dy' 'Er' 'Tm' 'Lu' 'Re' 'Os' 'Tl'],[23.48 16.16 24.44 37.64 20.98  8.52 22.18 36.19 40.5   1.65  0.25  5.2   6.17  7.06  8.45  8.96  9.75 35.35 38.54 22.09],[21.71671079 22.36196882 21.3309154  30.79719575 30.76648982  9.59864848 22.09157186 32.43293601 27.76622189 12.10104907  9.78774055 13.67091565 17.27122745 12.51359343  9.98858233 10.11995188  9.54446584 26.34525501 29.74254272 17.20780216],0.7103510921775509
18,Pauli,5,4,circular,['Ho'],[7.82],[13.14255304],['Be' 'Sc' 'Ti' 'Co' 'Zn' 'Y' 'Zr' 'Tc' 'Ru' 'Pr' 'Nd' 'Gd' 'Tb' 'Dy' 'Er' 'Tm' 'Lu' 'Re' 'Os' 'Tl'],[23.48 16.16 24.44 37.64 20.98  8.52 22.18 36.19 40.5   1.65  0.25  5.2   6.17  7.06  8.45  8.96  9.75 35.35 38.54 22.09],[19.29783663 21.27893214 22.8058818  31.55265328 28.30041797  9.90971624 21.87515585 29.34363931 26.44812136 12.145655    8.5008455  14.19084877 17.11569274 12.23652639 10.35747335  8.79500563 12.48056249 27.22086109 29.37186366 16.37132709],0.710137775548205
18,Pauli,5,5,linear,['Ho'],[7.82],[11.44973597],['Be' 'Sc' 'Ti' 'Co' 'Zn' 'Y' 'Zr' 'Tc' 'Ru' 'Pr' 'Nd' 'Gd' 'Tb' 'Dy' 'Er' 'Tm' 'Lu' 'Re' 'Os' 'Tl'],[23.48 16.16 24.44 37.64 20.98  8.52 22.18 36.19 40.5   1.65  0.25  5.2   6.17  7.06  8.45  8.96  9.75 35.35 38.54 22.09],[19.35361203 17.46765891 23.32326171 30.54808139 19.13167732 11.49838497 17.46597324 25.39827709 23.82327611 10.45779127  6.30174552  9.01396901 11.58638294 12.601139   11.87360901 11.42337399 13.86944117 26.34213258 26.73874952 20.1402023 ],0.7207164072945209
18,Pauli,5,5,full,['Ho'],[7.82],[12.57486361],['Be' 'Sc' 'Ti' 'Co' 'Zn' 'Y' 'Zr' 'Tc' 'Ru' 'Pr' 'Nd' 'Gd' 'Tb' 'Dy' 'Er' 'Tm' 'Lu' 'Re' 'Os' 'Tl'],[23.48 16.16 24.44 37.64 20.98  8.52 22.18 36.19 40.5   1.65  0.25  5.2   6.17  7.06  8.45  8.96  9.75 35.35 38.54 22.09],[20.09759243 22.20583031 22.11108428 31.76293511 28.84294931  9.92434942 23.08879193 30.6464676  27.74364029 10.85472477  8.87943597 13.98891847 16.93476272 13.07866075 10.02140368  9.62014231 11.78206114 26.36767869 29.83727621 17.02072386],0.7276142939252042
18,Pauli,5,5,circular,['Ho'],[7.82],[12.72127676],['Be' 'Sc' 'Ti' 'Co' 'Zn' 'Y' 'Zr' 'Tc' 'Ru' 'Pr' 'Nd' 'Gd' 'Tb' 'Dy' 'Er' 'Tm' 'Lu' 'Re' 'Os' 'Tl'],[23.48 16.16 24.44 37.64 20.98  8.52 22.18 36.19 40.5   1.65  0.25  5.2   6.17  7.06  8.45  8.96  9.75 35.35 38.54 22.09],[20.0972503  21.97435454 22.16569863 31.88800635 28.82544307  9.88391513 23.05391057 30.59227949 27.74415315 10.77145173  8.89323883 13.9747318  17.0249468  13.14796089 10.04333895  9.57291491 11.97076663 26.35497368 29.81961734 16.89067217],0.7277240178610864
18,ZZ,1,1,linear,['Ho'],[7.82],[10.05196712],['Be' 'Sc' 'Ti' 'Co' 'Zn' 'Y' 'Zr' 'Tc' 'Ru' 'Pr' 'Nd' 'Gd' 'Tb' 'Dy' 'Er' 'Tm' 'Lu' 'Re' 'Os' 'Tl'],[23.48 16.16 24.44 37.64 20.98  8.52 22.18 36.19 40.5   1.65  0.25  5.2   6.17  7.06  8.45  8.96  9.75 35.35 38.54 22.09],[17.58042947 19.87985842 17.20122026 27.15647086 20.37975902  7.14060099 23.66806568 34.97370187 37.04101855  9.87865351  8.02730195  7.09825228  7.18715101  8.41250708 13.48744694 16.70276727 20.66311563 21.51731736 21.1415167  21.83366152],0.6868213011298421
18,ZZ,1,1,full,['Ho'],[7.82],[13.866838],['Be' 'Sc' 'Ti' 'Co' 'Zn' 'Y' 'Zr' 'Tc' 'Ru' 'Pr' 'Nd' 'Gd' 'Tb' 'Dy' 'Er' 'Tm' 'Lu' 'Re' 'Os' 'Tl'],[23.48 16.16 24.44 37.64 20.98  8.52 22.18 36.19 40.5   1.65  0.25  5.2   6.17  7.06  8.45  8.96  9.75 35.35 38.54 22.09],[21.34224167 19.97311439 18.8140996  28.88896445 24.65957236 11.90799028 20.74352701 31.16915993 33.97631623 13.06154618 11.0048923  11.42653824 12.49244654 13.45016146 15.09265108 15.52566992 16.05332487 28.02220366 15.81776359 21.68641658],0.6211491042707864
18,ZZ,1,1,circular,['Ho'],[7.82],[13.86673714],['Be' 'Sc' 'Ti' 'Co' 'Zn' 'Y' 'Zr' 'Tc' 'Ru' 'Pr' 'Nd' 'Gd' 'Tb' 'Dy' 'Er' 'Tm' 'Lu' 'Re' 'Os' 'Tl'],[23.48 16.16 24.44 37.64 20.98  8.52 22.18 36.19 40.5   1.65  0.25  5.2   6.17  7.06  8.45  8.96  9.75 35.35 38.54 22.09],[21.34253104 19.97369738 18.81554808 28.88974904 24.65939631 11.90764165 20.74217022 31.16918464 33.97576321 13.06206924 11.00475347 11.42618508 12.49233639 13.45006978 15.09238604 15.5252393  16.05276147 28.02099385 15.81741267 21.68613835],0.6211491019143776
18,ZZ,1,2,linear,['Ho'],[7.82],[6.40983729],['Be' 'Sc' 'Ti' 'Co' 'Zn' 'Y' 'Zr' 'Tc' 'Ru' 'Pr' 'Nd' 'Gd' 'Tb' 'Dy' 'Er' 'Tm' 'Lu' 'Re' 'Os' 'Tl'],[23.48 16.16 24.44 37.64 20.98  8.52 22.18 36.19 40.5   1.65  0.25  5.2   6.17  7.06  8.45  8.96  9.75 35.35 38.54 22.09],[20.17510239 18.44917908 15.48661707 24.84370115 20.86666591  8.18927637 20.17278016 33.62069805 33.61334647  7.47912083  5.91062206  6.70334635  5.6726045   5.88609056  8.17370347 10.08230573 12.79208756 26.91913272 22.48955662 21.51673855],0.785398010972569
18,ZZ,1,2,full,['Ho'],[7.82],[11.72825147],['Be' 'Sc' 'Ti' 'Co' 'Zn' 'Y' 'Zr' 'Tc' 'Ru' 'Pr' 'Nd' 'Gd' 'Tb' 'Dy' 'Er' 'Tm' 'Lu' 'Re' 'Os' 'Tl'],[23.48 16.16 24.44 37.64 20.98  8.52 22.18 36.19 40.5   1.65  0.25  5.2   6.17  7.06  8.45  8.96  9.75 35.35 38.54 22.09],[25.68684914 18.84024425 20.78499939 28.22694725 20.90240686 11.69465769 16.21588352 32.22584956 29.40182378  6.37845552  6.27456781  8.32261666 10.26358927 11.90365164 11.28961663  9.80149294  7.6370723  35.05350663 22.36307069 23.86690214],0.7979056087873602
18,ZZ,1,2,circular,['Ho'],[7.82],[11.69498231],['Be' 'Sc' 'Ti' 'Co' 'Zn' 'Y' 'Zr' 'Tc' 'Ru' 'Pr' 'Nd' 'Gd' 'Tb' 'Dy' 'Er' 'Tm' 'Lu' 'Re' 'Os' 'Tl'],[23.48 16.16 24.44 37.64 20.98  8.52 22.18 36.19 40.5   1.65  0.25  5.2   6.17  7.06  8.45  8.96  9.75 35.35 38.54 22.09],[25.7183297  18.83289501 20.77910206 28.20177281 20.8942976  11.7036519  16.17601148 32.19952562 29.40979779  6.3870013   6.27350911  8.31824255 10.23618943 11.87383183 11.25036836  9.75955852  7.59557567 35.03099459 22.38200166 23.86286785],0.7979085383736283
18,ZZ,1,3,linear,['Ho'],[7.82],[6.96652291],['Be' 'Sc' 'Ti' 'Co' 'Zn' 'Y' 'Zr' 'Tc' 'Ru' 'Pr' 'Nd' 'Gd' 'Tb' 'Dy' 'Er' 'Tm' 'Lu' 'Re' 'Os' 'Tl'],[23.48 16.16 24.44 37.64 20.98  8.52 22.18 36.19 40.5   1.65  0.25  5.2   6.17  7.06  8.45  8.96  9.75 35.35 38.54 22.09],[20.85638757 20.52068253 19.0805653  28.58287932 23.98881887  5.69989226 20.76181114 29.67220746 34.61892402  7.70830231  7.12834172  5.50457364  5.62107937  5.66297198  9.32682484 12.07009926 15.17896542 28.04433709 22.22734614 24.51128009],0.7982009216194823
18,ZZ,1,3,full,['Ho'],[7.82],[11.8495601],['Be' 'Sc' 'Ti' 'Co' 'Zn' 'Y' 'Zr' 'Tc' 'Ru' 'Pr' 'Nd' 'Gd' 'Tb' 'Dy' 'Er' 'Tm' 'Lu' 'Re' 'Os' 'Tl'],[23.48 16.16 24.44 37.64 20.98  8.52 22.18 36.19 40.5   1.65  0.25  5.2   6.17  7.06  8.45  8.96  9.75 35.35 38.54 22.09],[25.31389581 18.04092573 22.45628625 31.17006345 22.01050525 13.42816128 15.87304005 32.23001134 30.39038888  5.26560867  3.62843864  8.72744105  8.58594871 11.64728058 12.48600977 11.61699397 10.5315319  31.90589839 23.40066445 26.05335896],0.8289573424808335
18,ZZ,1,3,circular,['Ho'],[7.82],[12.12116377],['Be' 'Sc' 'Ti' 'Co' 'Zn' 'Y' 'Zr' 'Tc' 'Ru' 'Pr' 'Nd' 'Gd' 'Tb' 'Dy' 'Er' 'Tm' 'Lu' 'Re' 'Os' 'Tl'],[23.48 16.16 24.44 37.64 20.98  8.52 22.18 36.19 40.5   1.65  0.25  5.2   6.17  7.06  8.45  8.96  9.75 35.35 38.54 22.09],[25.81459414 16.39536419 23.00933701 31.54481518 23.825448   12.57194202 16.20833229 32.51016748 30.52924247  5.48437415  4.31751585  8.07915059  9.37537413 11.88810392 12.27863069 11.35890522 10.25360726 34.15871933 24.15737067 21.98484438],0.8466897057762569
18,ZZ,1,4,linear,['Ho'],[7.82],[7.8687583],['Be' 'Sc' 'Ti' 'Co' 'Zn' 'Y' 'Zr' 'Tc' 'Ru' 'Pr' 'Nd' 'Gd' 'Tb' 'Dy' 'Er' 'Tm' 'Lu' 'Re' 'Os' 'Tl'],[23.48 16.16 24.44 37.64 20.98  8.52 22.18 36.19 40.5   1.65  0.25  5.2   6.17  7.06  8.45  8.96  9.75 35.35 38.54 22.09],[23.68413949 18.57820649 20.5460901  29.94560391 24.242769    7.32638182 21.61226735 31.75752628 36.68765594 10.68411919  6.63276035  4.82570889  5.22640906  6.90350077  9.75834091 10.97901074 13.25267177 30.8571725  31.14221664 23.74158978],0.8979918234429639
18,ZZ,1,4,full,['Ho'],[7.82],[12.26654408],['Be' 'Sc' 'Ti' 'Co' 'Zn' 'Y' 'Zr' 'Tc' 'Ru' 'Pr' 'Nd' 'Gd' 'Tb' 'Dy' 'Er' 'Tm' 'Lu' 'Re' 'Os' 'Tl'],[23.48 16.16 24.44 37.64 20.98  8.52 22.18 36.19 40.5   1.65  0.25  5.2   6.17  7.06  8.45  8.96  9.75 35.35 38.54 22.09],[25.70425147 16.62639429 24.63010707 32.52669705 24.60602219 12.63643045 15.51681888 33.87670619 31.3219351   4.9074289   3.14165907  8.23838909  9.15784199 11.90929264 12.67276824 11.85821167 10.79372235 33.29074771 23.94746487 23.79153805],0.8515384674103911
18,ZZ,1,4,circular,['Ho'],[7.82],[12.04960862],['Be' 'Sc' 'Ti' 'Co' 'Zn' 'Y' 'Zr' 'Tc' 'Ru' 'Pr' 'Nd' 'Gd' 'Tb' 'Dy' 'Er' 'Tm' 'Lu' 'Re' 'Os' 'Tl'],[23.48 16.16 24.44 37.64 20.98  8.52 22.18 36.19 40.5   1.65  0.25  5.2   6.17  7.06  8.45  8.96  9.75 35.35 38.54 22.09],[25.77799709 16.38391329 24.18676495 32.00043244 24.61630772 12.83874094 15.69203619 33.93148962 31.48024609  4.81665432  3.06155173  8.283237    8.90862178 11.69417732 12.49643362 11.71230151 10.74381697 33.3593081  23.83826014 23.41054276],0.8523194333086923
18,ZZ,1,5,linear,['Ho'],[7.82],[7.72183355],['Be' 'Sc' 'Ti' 'Co' 'Zn' 'Y' 'Zr' 'Tc' 'Ru' 'Pr' 'Nd' 'Gd' 'Tb' 'Dy' 'Er' 'Tm' 'Lu' 'Re' 'Os' 'Tl'],[23.48 16.16 24.44 37.64 20.98  8.52 22.18 36.19 40.5   1.65  0.25  5.2   6.17  7.06  8.45  8.96  9.75 35.35 38.54 22.09],[23.79519039 18.22269281 20.58891172 29.94913356 24.15051221  7.3146401  21.64309557 31.85228935 36.74039517 10.64352554  6.68194981  4.87031021  5.1365137   6.76231009  9.66642844 10.95508964 13.30039578 30.72326737 31.05591775 23.85702086],0.8982081311445236
18,ZZ,1,5,full,['Ho'],[7.82],[12.11046694],['Be' 'Sc' 'Ti' 'Co' 'Zn' 'Y' 'Zr' 'Tc' 'Ru' 'Pr' 'Nd' 'Gd' 'Tb' 'Dy' 'Er' 'Tm' 'Lu' 'Re' 'Os' 'Tl'],[23.48 16.16 24.44 37.64 20.98  8.52 22.18 36.19 40.5   1.65  0.25  5.2   6.17  7.06  8.45  8.96  9.75 35.35 38.54 22.09],[26.04044752 16.21618595 24.00760487 32.11363    24.69071309 13.08299618 15.84294501 33.61467644 31.61161072  5.30722081  3.43550006  8.33506208  8.88143129 11.74933416 12.54828798 11.71613723 10.72922725 33.60762331 24.03363335 22.69624075],0.8526939292683099
18,ZZ,1,5,circular,['Ho'],[7.82],[12.1633376],['Be' 'Sc' 'Ti' 'Co' 'Zn' 'Y' 'Zr' 'Tc' 'Ru' 'Pr' 'Nd' 'Gd' 'Tb' 'Dy' 'Er' 'Tm' 'Lu' 'Re' 'Os' 'Tl'],[23.48 16.16 24.44 37.64 20.98  8.52 22.18 36.19 40.5   1.65  0.25  5.2   6.17  7.06  8.45  8.96  9.75 35.35 38.54 22.09],[26.07642122 16.15953793 23.9707376  32.16901841 24.70250127 13.04653702 15.86942365 33.59581076 31.69077067  5.35843702  3.48247942  8.27926296  8.87663685 11.78365353 12.61950897 11.78820836 10.76980649 33.68040956 24.02156181 22.83074526],0.8527797096165701
18,ZZ,2,1,linear,['Ho'],[7.82],[15.05240615],['Be' 'Sc' 'Ti' 'Co' 'Zn' 'Y' 'Zr' 'Tc' 'Ru' 'Pr' 'Nd' 'Gd' 'Tb' 'Dy' 'Er' 'Tm' 'Lu' 'Re' 'Os' 'Tl'],[23.48 16.16 24.44 37.64 20.98  8.52 22.18 36.19 40.5   1.65  0.25  5.2   6.17  7.06  8.45  8.96  9.75 35.35 38.54 22.09],[16.24322333 21.42340986 24.48300293 28.58621216 19.23201635 12.78906659 23.16663782 22.88131684 19.9581604  13.55553068 11.06101124 11.78166456 13.29936397 14.59504736 14.34480056 13.58957932 13.62507789 14.82291077 21.70851655 17.96498951],0.41443437297948427
18,ZZ,2,1,full,['Ho'],[7.82],[17.15219855],['Be' 'Sc' 'Ti' 'Co' 'Zn' 'Y' 'Zr' 'Tc' 'Ru' 'Pr' 'Nd' 'Gd' 'Tb' 'Dy' 'Er' 'Tm' 'Lu' 'Re' 'Os' 'Tl'],[23.48 16.16 24.44 37.64 20.98  8.52 22.18 36.19 40.5   1.65  0.25  5.2   6.17  7.06  8.45  8.96  9.75 35.35 38.54 22.09],[23.77394004 18.00608237 22.0728668  27.19733126 21.52121156 16.55140381 23.40673155 33.80374152 30.88025435  7.72400607  8.40679227 14.68012234 14.57847919 16.79120175 17.40397831 14.70962624 13.10585197 26.55944723 22.57086883 20.32096834],0.6752563580562324
18,ZZ,2,1,circular,['Ho'],[7.82],[17.15135019],['Be' 'Sc' 'Ti' 'Co' 'Zn' 'Y' 'Zr' 'Tc' 'Ru' 'Pr' 'Nd' 'Gd' 'Tb' 'Dy' 'Er' 'Tm' 'Lu' 'Re' 'Os' 'Tl'],[23.48 16.16 24.44 37.64 20.98  8.52 22.18 36.19 40.5   1.65  0.25  5.2   6.17  7.06  8.45  8.96  9.75 35.35 38.54 22.09],[23.78176817 18.00533171 22.08075042 27.19582465 21.5261875  16.55846195 23.40687199 33.80077498 30.87901476  7.72388202  8.41448688 14.68724936 14.58316758 16.79350198 17.39844823 14.70377144 13.10075951 26.56538649 22.57644072 20.33575975],0.6752559672742848
18,ZZ,2,2,linear,['Ho'],[7.82],[8.66916722],['Be' 'Sc' 'Ti' 'Co' 'Zn' 'Y' 'Zr' 'Tc' 'Ru' 'Pr' 'Nd' 'Gd' 'Tb' 'Dy' 'Er' 'Tm' 'Lu' 'Re' 'Os' 'Tl'],[23.48 16.16 24.44 37.64 20.98  8.52 22.18 36.19 40.5   1.65  0.25  5.2   6.17  7.06  8.45  8.96  9.75 35.35 38.54 22.09],[20.87587096 19.91914902 23.36955399 26.06062647 20.8235071  10.16317609 23.01293368 27.67118518 30.13150489 16.77114986 16.55222938 11.13336607 10.61130213  9.79888929  7.41238446  6.4240209   9.0217941  20.63362643 18.12398501 19.63433122],0.5447322721900589
18,ZZ,2,2,full,['Ho'],[7.82],[12.09715661],['Be' 'Sc' 'Ti' 'Co' 'Zn' 'Y' 'Zr' 'Tc' 'Ru' 'Pr' 'Nd' 'Gd' 'Tb' 'Dy' 'Er' 'Tm' 'Lu' 'Re' 'Os' 'Tl'],[23.48 16.16 24.44 37.64 20.98  8.52 22.18 36.19 40.5   1.65  0.25  5.2   6.17  7.06  8.45  8.96  9.75 35.35 38.54 22.09],[24.96914408 20.15107616 22.20218642 29.91382325 21.60150153 11.14846802 26.14154608 26.11049191 34.19785584  4.40583979  6.47890607 10.88425384 12.99040727 13.21821299 11.31129413  9.41455903  9.0642736  24.61775225 21.8146396  26.03833648],0.7553510253361915
18,ZZ,2,2,circular,['Ho'],[7.82],[12.09741878],['Be' 'Sc' 'Ti' 'Co' 'Zn' 'Y' 'Zr' 'Tc' 'Ru' 'Pr' 'Nd' 'Gd' 'Tb' 'Dy' 'Er' 'Tm' 'Lu' 'Re' 'Os' 'Tl'],[23.48 16.16 24.44 37.64 20.98  8.52 22.18 36.19 40.5   1.65  0.25  5.2   6.17  7.06  8.45  8.96  9.75 35.35 38.54 22.09],[24.96974604 20.14830435 22.19110388 29.92607192 21.58868495 11.13798424 26.13379799 26.10786767 34.20402661  4.40741834  6.47863869 10.8755386  12.97998621 13.21137295 11.32005728  9.42123624  9.06111319 24.62282802 21.79400531 26.03836371],0.7553492233058623
18,ZZ,2,3,linear,['Ho'],[7.82],[8.50586347],['Be' 'Sc' 'Ti' 'Co' 'Zn' 'Y' 'Zr' 'Tc' 'Ru' 'Pr' 'Nd' 'Gd' 'Tb' 'Dy' 'Er' 'Tm' 'Lu' 'Re' 'Os' 'Tl'],[23.48 16.16 24.44 37.64 20.98  8.52 22.18 36.19 40.5   1.65  0.25  5.2   6.17  7.06  8.45  8.96  9.75 35.35 38.54 22.09],[19.08967981 19.63578537 26.91248062 28.42714994 22.33220633 10.02433498 23.15031633 27.64502088 29.55845035 15.96492627 14.44271208 10.66186172  9.22652428  8.80699193  9.26087113  8.93567471  9.5134474  22.15251256 19.13269167 22.23998481],0.6106925463040478
18,ZZ,2,3,full,['Ho'],[7.82],[11.67553481],['Be' 'Sc' 'Ti' 'Co' 'Zn' 'Y' 'Zr' 'Tc' 'Ru' 'Pr' 'Nd' 'Gd' 'Tb' 'Dy' 'Er' 'Tm' 'Lu' 'Re' 'Os' 'Tl'],[23.48 16.16 24.44 37.64 20.98  8.52 22.18 36.19 40.5   1.65  0.25  5.2   6.17  7.06  8.45  8.96  9.75 35.35 38.54 22.09],[18.21439167 19.85186609 18.43142347 29.12853305 18.77337808 10.96192351 22.93706847 31.47556256 30.46689139  4.56555921  7.17849403 11.77773422 13.18371061 12.69357602 10.74687383  9.47155402  7.89983463 25.42462577 24.00927369 21.34326118],0.768796156185639
18,ZZ,2,3,circular,['Ho'],[7.82],[7.92645035],['Be' 'Sc' 'Ti' 'Co' 'Zn' 'Y' 'Zr' 'Tc' 'Ru' 'Pr' 'Nd' 'Gd' 'Tb' 'Dy' 'Er' 'Tm' 'Lu' 'Re' 'Os' 'Tl'],[23.48 16.16 24.44 37.64 20.98  8.52 22.18 36.19 40.5   1.65  0.25  5.2   6.17  7.06  8.45  8.96  9.75 35.35 38.54 22.09],[19.17337482 14.37732158 20.92567498 25.30114259 17.58887961 10.23539165 23.25634915 26.59555316 32.89601903  6.62823807  7.02528646 10.81487485 12.6222371  10.5150604   7.74283849  8.68394205 11.79934333 23.43475755 25.41928175 16.69384965],0.7477040800401453
18,ZZ,2,4,linear,['Ho'],[7.82],[6.94259105],['Be' 'Sc' 'Ti' 'Co' 'Zn' 'Y' 'Zr' 'Tc' 'Ru' 'Pr' 'Nd' 'Gd' 'Tb' 'Dy' 'Er' 'Tm' 'Lu' 'Re' 'Os' 'Tl'],[23.48 16.16 24.44 37.64 20.98  8.52 22.18 36.19 40.5   1.65  0.25  5.2   6.17  7.06  8.45  8.96  9.75 35.35 38.54 22.09],[19.3619749  19.42061204 24.09626348 28.66758056 20.91921428 11.04433924 23.36671631 27.22455541 31.94327462 16.1889142  14.25976256 11.11361516  8.61998594  7.9709526   7.52953974  7.83044197 11.31965862 22.85629904 19.71425314 21.57683422],0.6360051981486965
18,ZZ,2,4,full,['Ho'],[7.82],[9.22742141],['Be' 'Sc' 'Ti' 'Co' 'Zn' 'Y' 'Zr' 'Tc' 'Ru' 'Pr' 'Nd' 'Gd' 'Tb' 'Dy' 'Er' 'Tm' 'Lu' 'Re' 'Os' 'Tl'],[23.48 16.16 24.44 37.64 20.98  8.52 22.18 36.19 40.5   1.65  0.25  5.2   6.17  7.06  8.45  8.96  9.75 35.35 38.54 22.09],[21.7058561  18.69395372 21.25968369 29.44160124 21.57922579 10.37364329 25.10460637 33.17837435 34.30070536  7.03828367  6.92732179 10.57402075 13.2322773  11.48981491  8.83990435  8.70594791 10.66053782 25.53340832 24.62549866 21.70699307],0.8201504752309337
18,ZZ,2,4,circular,['Ho'],[7.82],[8.82046052],['Be' 'Sc' 'Ti' 'Co' 'Zn' 'Y' 'Zr' 'Tc' 'Ru' 'Pr' 'Nd' 'Gd' 'Tb' 'Dy' 'Er' 'Tm' 'Lu' 'Re' 'Os' 'Tl'],[23.48 16.16 24.44 37.64 20.98  8.52 22.18 36.19 40.5   1.65  0.25  5.2   6.17  7.06  8.45  8.96  9.75 35.35 38.54 22.09],[20.83290943 19.33919661 21.63302103 28.53664744 21.94031355 10.30788517 25.24669035 31.96950927 34.50646973  6.43754227  6.58120311 10.68484057 13.60204223 11.50260307  8.0131959   8.08352706 10.5468694  25.54135128 25.46345916 21.05801911],0.8192272931479848
18,ZZ,2,5,linear,['Ho'],[7.82],[6.8987529],['Be' 'Sc' 'Ti' 'Co' 'Zn' 'Y' 'Zr' 'Tc' 'Ru' 'Pr' 'Nd' 'Gd' 'Tb' 'Dy' 'Er' 'Tm' 'Lu' 'Re' 'Os' 'Tl'],[23.48 16.16 24.44 37.64 20.98  8.52 22.18 36.19 40.5   1.65  0.25  5.2   6.17  7.06  8.45  8.96  9.75 35.35 38.54 22.09],[19.02732039 19.69590561 24.30523343 28.34453797 21.02424213 11.09840129 23.90504485 27.7627119  32.68513567 16.32305202 14.40824069 11.19273967  8.9984169   8.15173556  7.14376713  7.35637508 11.03526963 22.47272473 20.29887186 21.26017691],0.6383320997166477
18,ZZ,2,5,full,['Ho'],[7.82],[8.61866947],['Be' 'Sc' 'Ti' 'Co' 'Zn' 'Y' 'Zr' 'Tc' 'Ru' 'Pr' 'Nd' 'Gd' 'Tb' 'Dy' 'Er' 'Tm' 'Lu' 'Re' 'Os' 'Tl'],[23.48 16.16 24.44 37.64 20.98  8.52 22.18 36.19 40.5   1.65  0.25  5.2   6.17  7.06  8.45  8.96  9.75 35.35 38.54 22.09],[21.80204176 18.3279829  20.90182896 29.59225468 22.57412193 10.36641045 25.11493184 31.92227777 33.54823416  7.18084603  6.64849333 10.5874956  12.71440268 10.75180325  8.67223581  9.07845105 10.78780335 25.53747612 25.47313722 20.85324358],0.8252512663392224
18,ZZ,2,5,circular,['Ho'],[7.82],[8.63917105],['Be' 'Sc' 'Ti' 'Co' 'Zn' 'Y' 'Zr' 'Tc' 'Ru' 'Pr' 'Nd' 'Gd' 'Tb' 'Dy' 'Er' 'Tm' 'Lu' 'Re' 'Os' 'Tl'],[23.48 16.16 24.44 37.64 20.98  8.52 22.18 36.19 40.5   1.65  0.25  5.2   6.17  7.06  8.45  8.96  9.75 35.35 38.54 22.09],[21.8605907  18.26832313 20.89333091 29.56033017 22.57427245 10.36263639 25.15447774 31.94068342 33.53549639  7.16956303  6.65313926 10.57971848 12.70971744 10.76001923  8.72684039  9.14096664 10.84514435 25.57847112 25.4552142  20.87380572],0.825250727452481
18,ZZ,3,1,linear,['Ho'],[7.82],[7.61329022],['Be' 'Sc' 'Ti' 'Co' 'Zn' 'Y' 'Zr' 'Tc' 'Ru' 'Pr' 'Nd' 'Gd' 'Tb' 'Dy' 'Er' 'Tm' 'Lu' 'Re' 'Os' 'Tl'],[23.48 16.16 24.44 37.64 20.98  8.52 22.18 36.19 40.5   1.65  0.25  5.2   6.17  7.06  8.45  8.96  9.75 35.35 38.54 22.09],[17.95699257 13.92225012 26.3432214  26.94609083 19.60025285 14.29897687 18.33661182 30.71592814 29.4100112  14.12254551 15.9214235  14.68390795  7.65216568  6.49331391  9.22600707 10.76827894 12.11066253 14.73672151 25.49965727 24.25936889],0.5697036136154927
18,ZZ,3,1,full,['Ho'],[7.82],[18.29787394],['Be' 'Sc' 'Ti' 'Co' 'Zn' 'Y' 'Zr' 'Tc' 'Ru' 'Pr' 'Nd' 'Gd' 'Tb' 'Dy' 'Er' 'Tm' 'Lu' 'Re' 'Os' 'Tl'],[23.48 16.16 24.44 37.64 20.98  8.52 22.18 36.19 40.5   1.65  0.25  5.2   6.17  7.06  8.45  8.96  9.75 35.35 38.54 22.09],[27.98436124 11.06348026 23.94529663 25.88772529 19.65416627 11.91588847 13.49312452 16.49396421 33.17299487  4.20466197  8.84498855 12.08630865 16.84913749 17.25653642 16.48853947 13.89794909 15.82128689 26.96388525 17.68737386 18.23832339],0.49674000830831955
18,ZZ,3,1,circular,['Ho'],[7.82],[12.56208186],['Be' 'Sc' 'Ti' 'Co' 'Zn' 'Y' 'Zr' 'Tc' 'Ru' 'Pr' 'Nd' 'Gd' 'Tb' 'Dy' 'Er' 'Tm' 'Lu' 'Re' 'Os' 'Tl'],[23.48 16.16 24.44 37.64 20.98  8.52 22.18 36.19 40.5   1.65  0.25  5.2   6.17  7.06  8.45  8.96  9.75 35.35 38.54 22.09],[22.16717518 23.86295635 19.21612666 23.63951803 18.94651544 12.90331551 23.62466286 21.38405981 26.31229095  4.73924317  7.46446268 13.57712609 13.93521875 12.8645881  10.78669438  9.76163784 13.36920703 20.35193862 11.70355973 22.06547375],0.4337203057305975
18,ZZ,3,2,linear,['Ho'],[7.82],[6.38343661],['Be' 'Sc' 'Ti' 'Co' 'Zn' 'Y' 'Zr' 'Tc' 'Ru' 'Pr' 'Nd' 'Gd' 'Tb' 'Dy' 'Er' 'Tm' 'Lu' 'Re' 'Os' 'Tl'],[23.48 16.16 24.44 37.64 20.98  8.52 22.18 36.19 40.5   1.65  0.25  5.2   6.17  7.06  8.45  8.96  9.75 35.35 38.54 22.09],[22.55354327 10.78888521 26.21833113 24.5246851  21.12605833 13.29144129 20.92331637 30.87148995 32.96612219 12.85706411 15.0697299  14.32170775  7.64999075  5.53114551  8.47420857  9.64605046 10.79255939 14.08930732 25.75967597 22.97510387],0.5975109187398211
18,ZZ,3,2,full,['Ho'],[7.82],[14.86746892],['Be' 'Sc' 'Ti' 'Co' 'Zn' 'Y' 'Zr' 'Tc' 'Ru' 'Pr' 'Nd' 'Gd' 'Tb' 'Dy' 'Er' 'Tm' 'Lu' 'Re' 'Os' 'Tl'],[23.48 16.16 24.44 37.64 20.98  8.52 22.18 36.19 40.5   1.65  0.25  5.2   6.17  7.06  8.45  8.96  9.75 35.35 38.54 22.09],[18.36156796 16.49958162 23.83412051 31.24175226 23.09431524 11.84691863 18.58121036 32.44048344 34.33526244  5.91361438 12.13127497 11.21460728 12.57581917 13.03537173 14.51480292 10.90184959  9.79463485 26.89989202 20.97460753 25.88340108],0.7477866821728419
18,ZZ,3,2,circular,['Ho'],[7.82],[12.33849992],['Be' 'Sc' 'Ti' 'Co' 'Zn' 'Y' 'Zr' 'Tc' 'Ru' 'Pr' 'Nd' 'Gd' 'Tb' 'Dy' 'Er' 'Tm' 'Lu' 'Re' 'Os' 'Tl'],[23.48 16.16 24.44 37.64 20.98  8.52 22.18 36.19 40.5   1.65  0.25  5.2   6.17  7.06  8.45  8.96  9.75 35.35 38.54 22.09],[20.82913775  7.69587091 21.51771355 29.20508211 18.84116424 13.65093243 19.3068055  35.89347416 35.70498302  5.4451042  13.43996555 13.32773186 12.01447137 11.72013193 12.85873792 10.98841939 13.42221817 28.16333458 20.03492394 22.02309701],0.7163201569162236
18,ZZ,3,3,linear,['Ho'],[7.82],[8.50365477],['Be' 'Sc' 'Ti' 'Co' 'Zn' 'Y' 'Zr' 'Tc' 'Ru' 'Pr' 'Nd' 'Gd' 'Tb' 'Dy' 'Er' 'Tm' 'Lu' 'Re' 'Os' 'Tl'],[23.48 16.16 24.44 37.64 20.98  8.52 22.18 36.19 40.5   1.65  0.25  5.2   6.17  7.06  8.45  8.96  9.75 35.35 38.54 22.09],[21.37745532 13.91434665 25.59940993 27.08098915 19.81631275 12.84528078 19.04555385 30.26608173 33.75096213 13.38361977 13.40693396 13.25719698  8.68385796  7.07684695  9.29618724  9.81791793 11.53145862 16.12168529 26.20950762 26.09163521],0.6587527043864561
18,ZZ,3,3,full,['Ho'],[7.82],[11.6227903],['Be' 'Sc' 'Ti' 'Co' 'Zn' 'Y' 'Zr' 'Tc' 'Ru' 'Pr' 'Nd' 'Gd' 'Tb' 'Dy' 'Er' 'Tm' 'Lu' 'Re' 'Os' 'Tl'],[23.48 16.16 24.44 37.64 20.98  8.52 22.18 36.19 40.5   1.65  0.25  5.2   6.17  7.06  8.45  8.96  9.75 35.35 38.54 22.09],[18.59306633 14.05748452 22.45733155 30.91429478 24.70468056 10.13037134 23.72726934 34.72516335 35.31728772  5.69160805 11.53955212 10.60048338 11.64843417 10.67208979 11.2468616   9.25641804 11.79446385 28.7110592  21.25633926 24.01937751],0.7935980398242783
18,ZZ,3,3,circular,['Ho'],[7.82],[11.68418652],['Be' 'Sc' 'Ti' 'Co' 'Zn' 'Y' 'Zr' 'Tc' 'Ru' 'Pr' 'Nd' 'Gd' 'Tb' 'Dy' 'Er' 'Tm' 'Lu' 'Re' 'Os' 'Tl'],[23.48 16.16 24.44 37.64 20.98  8.52 22.18 36.19 40.5   1.65  0.25  5.2   6.17  7.06  8.45  8.96  9.75 35.35 38.54 22.09],[18.58829272 14.10434989 22.44848199 30.93419364 24.67328365 10.15170406 23.67321144 34.71357669 35.33611296  5.67160177 11.52077782 10.59600675 11.67219099 10.71733421 11.2874659   9.25766852 11.75246375 28.69188752 21.23650054 24.00483381],0.7935885445071066
18,ZZ,3,4,linear,['Ho'],[7.82],[7.12172859],['Be' 'Sc' 'Ti' 'Co' 'Zn' 'Y' 'Zr' 'Tc' 'Ru' 'Pr' 'Nd' 'Gd' 'Tb' 'Dy' 'Er' 'Tm' 'Lu' 'Re' 'Os' 'Tl'],[23.48 16.16 24.44 37.64 20.98  8.52 22.18 36.19 40.5   1.65  0.25  5.2   6.17  7.06  8.45  8.96  9.75 35.35 38.54 22.09],[19.7957053  14.83786367 26.72977534 26.27623144 19.37165074 12.60686904 20.11918851 31.10497761 34.7328128  13.73555809 14.2365542  13.34330924  7.7901763   5.99458738  8.9618973  10.15473976 12.33007012 16.65264816 26.38305178 25.74980109],0.6569903804431604
18,ZZ,3,4,full,['Ho'],[7.82],[11.2763631],['Be' 'Sc' 'Ti' 'Co' 'Zn' 'Y' 'Zr' 'Tc' 'Ru' 'Pr' 'Nd' 'Gd' 'Tb' 'Dy' 'Er' 'Tm' 'Lu' 'Re' 'Os' 'Tl'],[23.48 16.16 24.44 37.64 20.98  8.52 22.18 36.19 40.5   1.65  0.25  5.2   6.17  7.06  8.45  8.96  9.75 35.35 38.54 22.09],[21.90289364 14.30116408 21.75071865 31.35467914 23.13630076  9.97165056 24.85017406 32.79854675 36.09016136  7.06817434 11.83542785 10.63027126 11.38733776 10.31820386 11.30050655  9.31077741 12.13780338 30.19916189 21.3483587  24.73627623],0.8020043368692273
18,ZZ,3,4,circular,['Ho'],[7.82],[11.75218752],['Be' 'Sc' 'Ti' 'Co' 'Zn' 'Y' 'Zr' 'Tc' 'Ru' 'Pr' 'Nd' 'Gd' 'Tb' 'Dy' 'Er' 'Tm' 'Lu' 'Re' 'Os' 'Tl'],[23.48 16.16 24.44 37.64 20.98  8.52 22.18 36.19 40.5   1.65  0.25  5.2   6.17  7.06  8.45  8.96  9.75 35.35 38.54 22.09],[21.3031945  14.40530481 21.75636393 31.51050241 22.32973553  9.99040196 23.74197499 33.38819815 36.59247459  7.13902909 11.99246534 10.6125908  11.85338391 10.61324898 11.78158541  9.88411735 12.32426881 30.26388998 21.33227642 24.51360778],0.8021979149623996
18,ZZ,3,5,linear,['Ho'],[7.82],[7.87383338],['Be' 'Sc' 'Ti' 'Co' 'Zn' 'Y' 'Zr' 'Tc' 'Ru' 'Pr' 'Nd' 'Gd' 'Tb' 'Dy' 'Er' 'Tm' 'Lu' 'Re' 'Os' 'Tl'],[23.48 16.16 24.44 37.64 20.98  8.52 22.18 36.19 40.5   1.65  0.25  5.2   6.17  7.06  8.45  8.96  9.75 35.35 38.54 22.09],[21.36179528 14.14194739 25.96383465 26.92675399 19.36048522 12.6549797  19.95877825 30.6709775  34.30974559 13.48786296 13.84260878 13.20311492  8.11811043  6.53949462  8.99404585  9.76140622 11.87722921 16.26784999 26.13585483 26.15122679],0.6602895909014801
18,ZZ,3,5,full,['Ho'],[7.82],[11.06704783],['Be' 'Sc' 'Ti' 'Co' 'Zn' 'Y' 'Zr' 'Tc' 'Ru' 'Pr' 'Nd' 'Gd' 'Tb' 'Dy' 'Er' 'Tm' 'Lu' 'Re' 'Os' 'Tl'],[23.48 16.16 24.44 37.64 20.98  8.52 22.18 36.19 40.5   1.65  0.25  5.2   6.17  7.06  8.45  8.96  9.75 35.35 38.54 22.09],[21.68741189 14.07489519 21.74375087 32.01809306 22.54543493  9.46340407 23.81059762 32.37039419 35.99619621  7.15776824 11.89519876 10.60356443 11.45086537 10.30302078 10.73047837  8.54594806 11.88404857 29.9884014  21.35838985 23.90007001],0.8059671337106091
18,ZZ,3,5,circular,['Ho'],[7.82],[11.02919064],['Be' 'Sc' 'Ti' 'Co' 'Zn' 'Y' 'Zr' 'Tc' 'Ru' 'Pr' 'Nd' 'Gd' 'Tb' 'Dy' 'Er' 'Tm' 'Lu' 'Re' 'Os' 'Tl'],[23.48 16.16 24.44 37.64 20.98  8.52 22.18 36.19 40.5   1.65  0.25  5.2   6.17  7.06  8.45  8.96  9.75 35.35 38.54 22.09],[21.70846057 14.06260732 21.76495578 32.01555078 22.51301182  9.45043444 23.82256582 32.39160683 36.01736372  7.16104809 11.92007882 10.62250554 11.42015602 10.28028773 10.69154622  8.50641623 11.86677789 29.93700138 21.36079346 23.87315962],0.8059777574610671
18,ZZ,4,1,linear,['Ho'],[7.82],[13.88211061],['Be' 'Sc' 'Ti' 'Co' 'Zn' 'Y' 'Zr' 'Tc' 'Ru' 'Pr' 'Nd' 'Gd' 'Tb' 'Dy' 'Er' 'Tm' 'Lu' 'Re' 'Os' 'Tl'],[23.48 16.16 24.44 37.64 20.98  8.52 22.18 36.19 40.5   1.65  0.25  5.2   6.17  7.06  8.45  8.96  9.75 35.35 38.54 22.09],[21.20211772 16.8625981  26.52628936 21.60361813 25.18197934  8.14109238 19.51894941 25.81190223 27.89328195  3.79073949  3.45528925  6.60064556  8.45964493 12.47687008 12.83298429 11.26933012 19.70251502 27.80414485 29.36704989 18.08691763],0.7373179816343721
18,ZZ,4,1,full,['Ho'],[7.82],[12.06491075],['Be' 'Sc' 'Ti' 'Co' 'Zn' 'Y' 'Zr' 'Tc' 'Ru' 'Pr' 'Nd' 'Gd' 'Tb' 'Dy' 'Er' 'Tm' 'Lu' 'Re' 'Os' 'Tl'],[23.48 16.16 24.44 37.64 20.98  8.52 22.18 36.19 40.5   1.65  0.25  5.2   6.17  7.06  8.45  8.96  9.75 35.35 38.54 22.09],[19.06103944 11.2320172  20.25867847 28.94320641 30.08763538 13.91779128 17.95629877 28.36034606 22.86190696 14.52202735 14.62961691 10.06629074  8.99520946 10.14758311 16.75663139 19.35957443 15.32085384 23.72101519 29.82205548 20.5661679 ],0.5651581214856229
18,ZZ,4,1,circular,['Ho'],[7.82],[12.06119481],['Be' 'Sc' 'Ti' 'Co' 'Zn' 'Y' 'Zr' 'Tc' 'Ru' 'Pr' 'Nd' 'Gd' 'Tb' 'Dy' 'Er' 'Tm' 'Lu' 'Re' 'Os' 'Tl'],[23.48 16.16 24.44 37.64 20.98  8.52 22.18 36.19 40.5   1.65  0.25  5.2   6.17  7.06  8.45  8.96  9.75 35.35 38.54 22.09],[19.01069699 11.2097365  20.24011996 28.97626131 30.07046938 13.92161886 17.95930472 28.38807703 22.84509242 14.51162758 14.62525295 10.07450158  9.00840347 10.15384454 16.74895137 19.35227582 15.33806206 23.69773306 29.83636086 20.60952808],0.5651615554148699
18,ZZ,4,2,linear,['Ho'],[7.82],[11.13346518],['Be' 'Sc' 'Ti' 'Co' 'Zn' 'Y' 'Zr' 'Tc' 'Ru' 'Pr' 'Nd' 'Gd' 'Tb' 'Dy' 'Er' 'Tm' 'Lu' 'Re' 'Os' 'Tl'],[23.48 16.16 24.44 37.64 20.98  8.52 22.18 36.19 40.5   1.65  0.25  5.2   6.17  7.06  8.45  8.96  9.75 35.35 38.54 22.09],[19.37238241 21.20302543 25.79162367 23.00756537 21.50391058  8.9107298  24.05635965 30.35692841 25.68139114  9.0275805   6.2232549   9.01737786  9.79699954  9.7536844  12.34255125 10.6687481  18.66851503 29.53192829 27.10948217 17.68332787],0.7279972141351176
18,ZZ,4,2,full,['Ho'],[7.82],[13.17925482],['Be' 'Sc' 'Ti' 'Co' 'Zn' 'Y' 'Zr' 'Tc' 'Ru' 'Pr' 'Nd' 'Gd' 'Tb' 'Dy' 'Er' 'Tm' 'Lu' 'Re' 'Os' 'Tl'],[23.48 16.16 24.44 37.64 20.98  8.52 22.18 36.19 40.5   1.65  0.25  5.2   6.17  7.06  8.45  8.96  9.75 35.35 38.54 22.09],[22.12721393 12.75990762 26.11492681 21.3529402  24.88731353  8.84276115 16.58436283 30.9705457  21.44778736  6.50811502 10.31772512  5.84799852 10.91900276 11.77564521 14.10865086 15.85624994 15.08164507 26.76561754 31.66263598 20.75440387],0.6699382704205448
18,ZZ,4,2,circular,['Ho'],[7.82],[13.17171212],['Be' 'Sc' 'Ti' 'Co' 'Zn' 'Y' 'Zr' 'Tc' 'Ru' 'Pr' 'Nd' 'Gd' 'Tb' 'Dy' 'Er' 'Tm' 'Lu' 'Re' 'Os' 'Tl'],[23.48 16.16 24.44 37.64 20.98  8.52 22.18 36.19 40.5   1.65  0.25  5.2   6.17  7.06  8.45  8.96  9.75 35.35 38.54 22.09],[22.16622391 12.73628211 26.11905031 21.38684299 24.9015824   8.84106078 16.57953033 30.9624875  21.44059739  6.51700898 10.32532887  5.84707761 10.91441294 11.77275372 14.10194521 15.85370746 15.0905561  26.74436704 31.66774906 20.73187257],0.6699387848450422
18,ZZ,4,3,linear,['Ho'],[7.82],[11.60943772],['Be' 'Sc' 'Ti' 'Co' 'Zn' 'Y' 'Zr' 'Tc' 'Ru' 'Pr' 'Nd' 'Gd' 'Tb' 'Dy' 'Er' 'Tm' 'Lu' 'Re' 'Os' 'Tl'],[23.48 16.16 24.44 37.64 20.98  8.52 22.18 36.19 40.5   1.65  0.25  5.2   6.17  7.06  8.45  8.96  9.75 35.35 38.54 22.09],[24.67108995 17.41083789 27.04261578 23.82291768 22.02667351 10.37315211 19.09981981 31.73826939 29.58473657  4.08030402  8.90943048 12.10946416  8.77098433  8.77995448 14.16542613 11.45681532 17.03252548 33.1627069  33.76263077 18.06409162],0.814890771231938
18,ZZ,4,3,full,['Ho'],[7.82],[15.70303867],['Be' 'Sc' 'Ti' 'Co' 'Zn' 'Y' 'Zr' 'Tc' 'Ru' 'Pr' 'Nd' 'Gd' 'Tb' 'Dy' 'Er' 'Tm' 'Lu' 'Re' 'Os' 'Tl'],[23.48 16.16 24.44 37.64 20.98  8.52 22.18 36.19 40.5   1.65  0.25  5.2   6.17  7.06  8.45  8.96  9.75 35.35 38.54 22.09],[21.78140446 12.58433492 25.78046238 26.19691693 26.68422374 11.88053721 19.41496137 29.62495605 28.6224335  11.32278097 12.54873022  8.58977592  9.21236988 11.70841797 13.96003994 10.04722653 12.56527043 30.4439654  28.8757508  24.47833004],0.7541091727861875
18,ZZ,4,3,circular,['Ho'],[7.82],[12.37135753],['Be' 'Sc' 'Ti' 'Co' 'Zn' 'Y' 'Zr' 'Tc' 'Ru' 'Pr' 'Nd' 'Gd' 'Tb' 'Dy' 'Er' 'Tm' 'Lu' 'Re' 'Os' 'Tl'],[23.48 16.16 24.44 37.64 20.98  8.52 22.18 36.19 40.5   1.65  0.25  5.2   6.17  7.06  8.45  8.96  9.75 35.35 38.54 22.09],[19.75750662 14.65229557 25.49953833 25.68493754 24.40386616 11.47616232 19.22756339 30.91861129 26.96374614  9.2969366  12.66007998  7.40536475  6.94166682  9.97297896 11.64689574 12.5791685  18.67487285 30.55886965 30.19916079 24.00723873],0.756440135258107
18,ZZ,4,4,linear,['Ho'],[7.82],[10.03516072],['Be' 'Sc' 'Ti' 'Co' 'Zn' 'Y' 'Zr' 'Tc' 'Ru' 'Pr' 'Nd' 'Gd' 'Tb' 'Dy' 'Er' 'Tm' 'Lu' 'Re' 'Os' 'Tl'],[23.48 16.16 24.44 37.64 20.98  8.52 22.18 36.19 40.5   1.65  0.25  5.2   6.17  7.06  8.45  8.96  9.75 35.35 38.54 22.09],[24.92923066 18.1034506  26.47888074 24.6458871  23.07672749  8.35652395 20.8616709  30.38062484 30.57098536  5.35950467  8.63196549 10.36282614  7.1824557   7.1958219  12.32693339 10.5294117  17.82026571 33.2268673  34.0800014  18.91252554],0.8389357394772917
18,ZZ,4,4,full,['Ho'],[7.82],[13.5646858],['Be' 'Sc' 'Ti' 'Co' 'Zn' 'Y' 'Zr' 'Tc' 'Ru' 'Pr' 'Nd' 'Gd' 'Tb' 'Dy' 'Er' 'Tm' 'Lu' 'Re' 'Os' 'Tl'],[23.48 16.16 24.44 37.64 20.98  8.52 22.18 36.19 40.5   1.65  0.25  5.2   6.17  7.06  8.45  8.96  9.75 35.35 38.54 22.09],[23.09272309 14.18415163 26.46236429 26.34098439 25.39426635 10.7219261  18.46764201 30.32716205 27.9731315  10.59593281 10.76943459  6.63873218  7.51958592 10.58867949 12.1118748  11.21824656 16.04858053 29.44144348 29.9140376  24.11266758],0.7806584399219297
18,ZZ,4,4,circular,['Ho'],[7.82],[13.58092003],['Be' 'Sc' 'Ti' 'Co' 'Zn' 'Y' 'Zr' 'Tc' 'Ru' 'Pr' 'Nd' 'Gd' 'Tb' 'Dy' 'Er' 'Tm' 'Lu' 'Re' 'Os' 'Tl'],[23.48 16.16 24.44 37.64 20.98  8.52 22.18 36.19 40.5   1.65  0.25  5.2   6.17  7.06  8.45  8.96  9.75 35.35 38.54 22.09],[23.09737436 14.17818278 26.47096227 26.35647071 25.40302267 10.73194827 18.47515106 30.31343361 27.96701503 10.60134477 10.76680226  6.64685118  7.54929365 10.61172678 12.11147097 11.20834439 16.03096581 29.45438978 29.90918406 24.09864056],0.7806584626701458
18,ZZ,4,5,linear,['Ho'],[7.82],[9.42778192],['Be' 'Sc' 'Ti' 'Co' 'Zn' 'Y' 'Zr' 'Tc' 'Ru' 'Pr' 'Nd' 'Gd' 'Tb' 'Dy' 'Er' 'Tm' 'Lu' 'Re' 'Os' 'Tl'],[23.48 16.16 24.44 37.64 20.98  8.52 22.18 36.19 40.5   1.65  0.25  5.2   6.17  7.06  8.45  8.96  9.75 35.35 38.54 22.09],[23.8860304  14.72820196 26.86119846 23.79364665 22.29583452  9.3242625  23.73164894 30.09001082 30.71514431  5.06540871  6.65141576  9.9043018   8.2765277   7.87675679 11.15992137 10.63976694 17.32318198 32.66582289 33.22060513 18.05222604],0.841728890257432
18,ZZ,4,5,full,['Ho'],[7.82],[13.46904091],['Be' 'Sc' 'Ti' 'Co' 'Zn' 'Y' 'Zr' 'Tc' 'Ru' 'Pr' 'Nd' 'Gd' 'Tb' 'Dy' 'Er' 'Tm' 'Lu' 'Re' 'Os' 'Tl'],[23.48 16.16 24.44 37.64 20.98  8.52 22.18 36.19 40.5   1.65  0.25  5.2   6.17  7.06  8.45  8.96  9.75 35.35 38.54 22.09],[23.05331709 14.13935528 26.31455153 26.2766047  25.43254568 10.7939881  18.28410096 30.33534724 28.08784328 10.62210766 10.8834114   6.67456264  7.55676094 10.51071254 12.05323466 11.2280922  15.96932677 29.49559351 29.9945509  24.16351877],0.7807902794695164
18,ZZ,4,5,circular,['Ho'],[7.82],[13.37656394],['Be' 'Sc' 'Ti' 'Co' 'Zn' 'Y' 'Zr' 'Tc' 'Ru' 'Pr' 'Nd' 'Gd' 'Tb' 'Dy' 'Er' 'Tm' 'Lu' 'Re' 'Os' 'Tl'],[23.48 16.16 24.44 37.64 20.98  8.52 22.18 36.19 40.5   1.65  0.25  5.2   6.17  7.06  8.45  8.96  9.75 35.35 38.54 22.09],[22.96278256 14.15062364 26.36494416 26.28717116 25.40657073 10.7323068  18.3934389  30.16826373 28.09897058 10.68410902 10.80639561  6.64868663  7.60323365 10.48781371 11.96181689 11.23245574 15.98091542 29.40523885 29.98573665 24.13111589],0.7806924091437626
18,ZZ,5,1,linear,['Ho'],[7.82],[16.29852514],['Be' 'Sc' 'Ti' 'Co' 'Zn' 'Y' 'Zr' 'Tc' 'Ru' 'Pr' 'Nd' 'Gd' 'Tb' 'Dy' 'Er' 'Tm' 'Lu' 'Re' 'Os' 'Tl'],[23.48 16.16 24.44 37.64 20.98  8.52 22.18 36.19 40.5   1.65  0.25  5.2   6.17  7.06  8.45  8.96  9.75 35.35 38.54 22.09],[21.05048215 25.48621187 19.82543564 30.26779846 18.72164366 10.0991168  26.61979183 16.89188001 23.64611875 10.35934961  3.59235645  7.91702127  9.72209023 13.19412047 16.54839078 15.2194136  15.15168012 28.25714212 19.80639334 22.52348135],0.5481507993882264
18,ZZ,5,1,full,['Ho'],[7.82],[14.49988201],['Be' 'Sc' 'Ti' 'Co' 'Zn' 'Y' 'Zr' 'Tc' 'Ru' 'Pr' 'Nd' 'Gd' 'Tb' 'Dy' 'Er' 'Tm' 'Lu' 'Re' 'Os' 'Tl'],[23.48 16.16 24.44 37.64 20.98  8.52 22.18 36.19 40.5   1.65  0.25  5.2   6.17  7.06  8.45  8.96  9.75 35.35 38.54 22.09],[23.3757405  12.90750507 15.88557076 22.64085068 29.46694267 19.00478877 15.35502918 30.62143665 26.52944343 17.59731    13.55639859 14.91250211 21.24028082 19.6157412  10.55923999  9.66650437 10.24252327 25.6640127  33.7901404  20.03193278],0.46929998834315145
18,ZZ,5,1,circular,['Ho'],[7.82],[14.50846237],['Be' 'Sc' 'Ti' 'Co' 'Zn' 'Y' 'Zr' 'Tc' 'Ru' 'Pr' 'Nd' 'Gd' 'Tb' 'Dy' 'Er' 'Tm' 'Lu' 'Re' 'Os' 'Tl'],[23.48 16.16 24.44 37.64 20.98  8.52 22.18 36.19 40.5   1.65  0.25  5.2   6.17  7.06  8.45  8.96  9.75 35.35 38.54 22.09],[23.37622521 12.88433778 15.90628648 22.6430398  29.46222196 18.98933365 15.34019646 30.62559064 26.5391112  17.60540134 13.57229698 14.91865259 21.23415635 19.61402594 10.5627244   9.66362941 10.24021686 25.64937943 33.79717397 20.03465233],0.4692995669473553
18,ZZ,5,2,linear,['Ho'],[7.82],[14.27350151],['Be' 'Sc' 'Ti' 'Co' 'Zn' 'Y' 'Zr' 'Tc' 'Ru' 'Pr' 'Nd' 'Gd' 'Tb' 'Dy' 'Er' 'Tm' 'Lu' 'Re' 'Os' 'Tl'],[23.48 16.16 24.44 37.64 20.98  8.52 22.18 36.19 40.5   1.65  0.25  5.2   6.17  7.06  8.45  8.96  9.75 35.35 38.54 22.09],[20.3800194  25.54924279 21.18779047 30.24145933 17.55098744  9.47683098 22.7674609  18.93997763 23.94514614  7.8861277   6.24535714  7.06854569  9.98953598 12.78039779 15.32020275 15.52282784 13.31405789 25.31966137 23.77749505 21.45745343],0.6180543652686581
18,ZZ,5,2,full,['Ho'],[7.82],[14.11453944],['Be' 'Sc' 'Ti' 'Co' 'Zn' 'Y' 'Zr' 'Tc' 'Ru' 'Pr' 'Nd' 'Gd' 'Tb' 'Dy' 'Er' 'Tm' 'Lu' 'Re' 'Os' 'Tl'],[23.48 16.16 24.44 37.64 20.98  8.52 22.18 36.19 40.5   1.65  0.25  5.2   6.17  7.06  8.45  8.96  9.75 35.35 38.54 22.09],[18.24104009 19.92932635 21.14041279 32.28081566 26.41790107  9.07230971 19.57359703 28.10139821 22.94026615 13.05092736 10.72828086 13.84238719 17.30304307 11.41590212 13.41202025  9.15981131 10.58466566 22.22877018 31.41001631 16.89980918],0.6389584724527468
18,ZZ,5,2,circular,['Ho'],[7.82],[14.11401673],['Be' 'Sc' 'Ti' 'Co' 'Zn' 'Y' 'Zr' 'Tc' 'Ru' 'Pr' 'Nd' 'Gd' 'Tb' 'Dy' 'Er' 'Tm' 'Lu' 'Re' 'Os' 'Tl'],[23.48 16.16 24.44 37.64 20.98  8.52 22.18 36.19 40.5   1.65  0.25  5.2   6.17  7.06  8.45  8.96  9.75 35.35 38.54 22.09],[18.24027736 19.93179957 21.14186844 32.28492459 26.41470521  9.07197694 19.57843407 28.10090639 22.94232234 13.05205566 10.73039127 13.84277542 17.30454276 11.41559779 13.41207572  9.16005811 10.58550856 22.22688695 31.40953499 16.90116758],0.6389584377216166
18,ZZ,5,3,linear,['Ho'],[7.82],[16.88236285],['Be' 'Sc' 'Ti' 'Co' 'Zn' 'Y' 'Zr' 'Tc' 'Ru' 'Pr' 'Nd' 'Gd' 'Tb' 'Dy' 'Er' 'Tm' 'Lu' 'Re' 'Os' 'Tl'],[23.48 16.16 24.44 37.64 20.98  8.52 22.18 36.19 40.5   1.65  0.25  5.2   6.17  7.06  8.45  8.96  9.75 35.35 38.54 22.09],[21.2649351  25.01467157 22.2002848  31.28648957 19.68656333 10.56778215 18.49476335 24.11981113 22.56077427 10.70597316  6.79451514  8.4208935  13.40335747 15.07880581 14.66653718 11.87108137 14.443845   28.37359849 24.00050521 19.95372495],0.6457752457933634
18,ZZ,5,3,full,['Ho'],[7.82],[14.59678554],['Be' 'Sc' 'Ti' 'Co' 'Zn' 'Y' 'Zr' 'Tc' 'Ru' 'Pr' 'Nd' 'Gd' 'Tb' 'Dy' 'Er' 'Tm' 'Lu' 'Re' 'Os' 'Tl'],[23.48 16.16 24.44 37.64 20.98  8.52 22.18 36.19 40.5   1.65  0.25  5.2   6.17  7.06  8.45  8.96  9.75 35.35 38.54 22.09],[20.50508811 18.19597506 23.58082184 31.33769108 26.02903722  9.49908887 20.93950216 27.02306996 26.08058394 12.19115077  8.43623974 13.54976724 17.78916189 13.75263412 11.88968781 10.55764474 13.81404981 28.57997369 27.58519386 14.26227277],0.6877105677330168
18,ZZ,5,3,circular,['Ho'],[7.82],[14.58229547],['Be' 'Sc' 'Ti' 'Co' 'Zn' 'Y' 'Zr' 'Tc' 'Ru' 'Pr' 'Nd' 'Gd' 'Tb' 'Dy' 'Er' 'Tm' 'Lu' 'Re' 'Os' 'Tl'],[23.48 16.16 24.44 37.64 20.98  8.52 22.18 36.19 40.5   1.65  0.25  5.2   6.17  7.06  8.45  8.96  9.75 35.35 38.54 22.09],[20.47137835 18.20575523 23.62250594 31.39530401 26.05716198  9.44882441 20.91382405 27.02411049 26.01721179 12.19826981  8.33149978 13.52416065 17.78768794 13.71260724 11.91418064 10.59815098 13.839673   28.5772843  27.55771116 14.27030507],0.6877140366524717
18,ZZ,5,4,linear,['Ho'],[7.82],[10.3454573],['Be' 'Sc' 'Ti' 'Co' 'Zn' 'Y' 'Zr' 'Tc' 'Ru' 'Pr' 'Nd' 'Gd' 'Tb' 'Dy' 'Er' 'Tm' 'Lu' 'Re' 'Os' 'Tl'],[23.48 16.16 24.44 37.64 20.98  8.52 22.18 36.19 40.5   1.65  0.25  5.2   6.17  7.06  8.45  8.96  9.75 35.35 38.54 22.09],[21.88351485 20.47902274 23.12384759 32.88200644 20.65307357 13.40962205 22.10426659 20.05037983 23.74793969  8.79008903  6.6203442  12.20305546  9.2684062   9.76220815 13.01331138 12.46745121 10.84614142 26.5025152  23.72003111 19.01973015],0.6727223613691005
18,ZZ,5,4,full,['Ho'],[7.82],[11.56700002],['Be' 'Sc' 'Ti' 'Co' 'Zn' 'Y' 'Zr' 'Tc' 'Ru' 'Pr' 'Nd' 'Gd' 'Tb' 'Dy' 'Er' 'Tm' 'Lu' 'Re' 'Os' 'Tl'],[23.48 16.16 24.44 37.64 20.98  8.52 22.18 36.19 40.5   1.65  0.25  5.2   6.17  7.06  8.45  8.96  9.75 35.35 38.54 22.09],[20.3365926  23.09235094 21.98562422 31.99195973 29.42301275  9.95827236 22.10523078 30.70320095 27.48769221 11.55495542  8.89757637 13.73196499 17.17234038 12.98675563  9.68980701  9.69337343 10.35365483 26.29165679 29.50526673 18.42906467],0.71985953057526
18,ZZ,5,4,circular,['Ho'],[7.82],[12.73926235],['Be' 'Sc' 'Ti' 'Co' 'Zn' 'Y' 'Zr' 'Tc' 'Ru' 'Pr' 'Nd' 'Gd' 'Tb' 'Dy' 'Er' 'Tm' 'Lu' 'Re' 'Os' 'Tl'],[23.48 16.16 24.44 37.64 20.98  8.52 22.18 36.19 40.5   1.65  0.25  5.2   6.17  7.06  8.45  8.96  9.75 35.35 38.54 22.09],[19.88792934 22.35965404 22.18417415 31.88721677 28.82073507  9.89751836 22.95457734 30.53776263 27.70200042 10.83329864  8.70375724 13.96143735 16.98305727 13.10020527 10.01711619  9.60017989 11.98669849 26.45887139 29.86348848 16.92786638],0.7275198363017037
18,ZZ,5,5,linear,['Ho'],[7.82],[7.79938829],['Be' 'Sc' 'Ti' 'Co' 'Zn' 'Y' 'Zr' 'Tc' 'Ru' 'Pr' 'Nd' 'Gd' 'Tb' 'Dy' 'Er' 'Tm' 'Lu' 'Re' 'Os' 'Tl'],[23.48 16.16 24.44 37.64 20.98  8.52 22.18 36.19 40.5   1.65  0.25  5.2   6.17  7.06  8.45  8.96  9.75 35.35 38.54 22.09],[18.44464224 21.87417408 21.74471508 33.04386495 21.34125955 10.8014372  21.27990007 21.46085537 23.89377019 10.28870318  6.12617456  8.66048119 10.36062594  7.73229075 11.57205045 14.45645777 15.20239973 24.96305821 22.75437613 19.52244459],0.6586065163295586
18,ZZ,5,5,full,['Ho'],[7.82],[12.69271337],['Be' 'Sc' 'Ti' 'Co' 'Zn' 'Y' 'Zr' 'Tc' 'Ru' 'Pr' 'Nd' 'Gd' 'Tb' 'Dy' 'Er' 'Tm' 'Lu' 'Re' 'Os' 'Tl'],[23.48 16.16 24.44 37.64 20.98  8.52 22.18 36.19 40.5   1.65  0.25  5.2   6.17  7.06  8.45  8.96  9.75 35.35 38.54 22.09],[20.01319638 22.01591086 22.17871208 31.88269046 28.84479739  9.90223294 23.06081056 30.59272807 27.73118541 10.78932801  8.85449945 13.98390978 17.02032025 13.12773868 10.03136105  9.58121722 11.94523331 26.38619053 29.82461655 16.93774785],0.7277379153297513
18,ZZ,5,5,circular,['Ho'],[7.82],[12.68540955],['Be' 'Sc' 'Ti' 'Co' 'Zn' 'Y' 'Zr' 'Tc' 'Ru' 'Pr' 'Nd' 'Gd' 'Tb' 'Dy' 'Er' 'Tm' 'Lu' 'Re' 'Os' 'Tl'],[23.48 16.16 24.44 37.64 20.98  8.52 22.18 36.19 40.5   1.65  0.25  5.2   6.17  7.06  8.45  8.96  9.75 35.35 38.54 22.09],[19.99277049 22.02788854 22.16871938 31.88938143 28.85560648  9.86720409 23.06571774 30.6067287  27.74456417 10.76956152  8.83709222 13.95380036 17.04108481 13.13130986 10.00638011  9.55793598 11.93397133 26.38888116 29.78333285 16.90372615],0.7277347202060735
